日期,股票代码,开盘,收盘,最高,最低,成交量,成交额,振幅,涨跌幅,涨跌额,换手率
2023-02-23,301008,18.03,18.15,18.3,17.93,2958,7830329.0,2.05,0.44,0.08,1.2
2023-02-24,301008,18.08,18.07,18.26,17.9,2657,7003300.0,1.98,-0.44,-0.08,1.08
2023-02-27,301008,18.01,17.67,18.25,17.64,4271,11140552.0,3.38,-2.21,-0.4,1.73
2023-02-28,301008,17.82,17.9,17.95,17.57,2763,7161938.0,2.15,1.3,0.23,1.12
2023-03-01,301008,17.73,17.98,18.24,17.73,2470,6455441.0,2.85,0.45,0.08,1.0
2023-03-02,301008,17.84,17.9,18.08,17.83,2664,6978033.0,1.39,-0.44,-0.08,1.08
2023-03-03,301008,18.0,17.83,18.06,17.68,2215,5763558.0,2.12,-0.39,-0.07,0.9
2023-03-06,301008,17.92,18.06,18.15,17.83,4686,12327419.0,1.79,1.29,0.23,1.9
2023-03-07,301008,17.99,17.57,18.16,17.54,3820,9938518.0,3.43,-2.71,-0.49,1.55
2023-03-08,301008,17.47,17.69,17.8,17.44,2230,5769675.0,2.05,0.68,0.12,0.9
2023-03-09,301008,17.69,18.29,18.34,17.69,6834,18083172.0,3.67,3.39,0.6,2.77
2023-03-10,301008,18.21,18.2,18.66,18.05,6791,18124218.0,3.34,-0.49,-0.09,2.76
2023-03-13,301008,17.95,17.93,18.44,17.74,4943,12952208.0,3.85,-1.48,-0.27,2.01
2023-03-14,301008,17.86,17.45,17.98,17.34,4121,10542098.0,3.57,-2.68,-0.48,1.67
2023-03-15,301008,17.48,17.65,17.69,17.46,3797,9749498.0,1.32,1.15,0.2,1.54
2023-03-16,301008,17.66,17.24,17.66,17.22,2253,5723271.0,2.49,-2.32,-0.41,0.91
2023-03-17,301008,17.42,18.15,18.54,17.28,10731,28310200.0,7.31,5.28,0.91,4.35
2023-03-20,301008,17.87,18.1,18.19,17.84,6891,18096754.0,1.93,-0.28,-0.05,2.8
2023-03-21,301008,18.0,18.3,18.33,17.88,7141,18896678.0,2.49,1.1,0.2,2.9
2023-03-22,301008,18.38,18.38,18.54,18.21,5777,15455477.0,1.8,0.44,0.08,2.34
2023-03-23,301008,18.3,18.45,18.51,18.3,4401,11796799.0,1.14,0.38,0.07,1.79
2023-03-24,301008,18.43,18.36,18.51,18.26,3935,10541590.0,1.36,-0.49,-0.09,1.6
2023-03-27,301008,18.36,18.68,18.68,18.22,6946,18713018.0,2.51,1.74,0.32,2.82
2023-03-28,301008,18.74,18.38,18.74,18.3,4093,11017681.0,2.36,-1.61,-0.3,1.66
2023-03-29,301008,18.38,18.55,18.73,18.18,4969,13356858.0,2.99,0.92,0.17,2.02
2023-03-30,301008,18.36,18.08,18.64,18.04,4898,12977000.0,3.23,-2.53,-0.47,1.99
2023-03-31,301008,18.11,19.03,19.08,18.09,18546,50814470.0,5.48,5.25,0.95,7.53
2023-04-03,301008,19.04,18.9,19.47,18.77,17947,49693764.0,3.68,-0.68,-0.13,7.28
2023-04-04,301008,18.83,18.43,18.88,18.4,11193,30275749.0,2.54,-2.49,-0.47,4.54
2023-04-06,301008,18.41,18.64,18.84,18.26,7411,20117235.0,3.15,1.14,0.21,3.01
2023-04-07,301008,18.64,18.72,18.76,18.44,5993,16230521.0,1.72,0.43,0.08,2.43
2023-04-10,301008,18.64,18.36,18.81,18.28,5346,14452400.0,2.83,-1.92,-0.36,2.17
2023-04-11,301008,18.34,18.52,18.53,18.16,3677,9828925.0,2.02,0.87,0.16,1.49
2023-04-12,301008,18.51,18.15,18.51,17.94,6076,16064522.0,3.08,-2.0,-0.37,2.47
2023-04-13,301008,18.07,17.99,18.18,17.95,3317,8711588.0,1.27,-0.88,-0.16,1.35
2023-04-14,301008,17.99,18.08,18.25,17.94,4043,10671973.0,1.72,0.5,0.09,1.64
2023-04-17,301008,18.04,18.38,18.76,18.04,6448,17303493.0,3.98,1.66,0.3,2.62
2023-04-18,301008,18.34,18.22,18.6,18.19,5065,13557887.0,2.23,-0.87,-0.16,2.06
2023-04-19,301008,18.11,17.9,18.25,17.82,4738,12399380.0,2.36,-1.76,-0.32,1.92
2023-04-20,301008,17.98,17.62,18.05,17.5,3677,9464679.0,3.07,-1.56,-0.28,1.49
2023-04-21,301008,17.62,16.83,17.82,16.83,4607,11588598.0,5.62,-4.48,-0.79,1.87
2023-04-24,301008,17.04,17.0,17.11,16.82,3147,7798549.0,1.72,1.01,0.17,1.28
2023-04-25,301008,17.14,16.34,17.14,16.09,4290,10334837.0,6.18,-3.88,-0.66,1.74
2023-04-26,301008,16.38,16.67,16.76,16.25,2950,7182006.0,3.12,2.02,0.33,1.2
2023-04-27,301008,16.67,17.02,17.12,16.44,3044,7535314.0,4.08,2.1,0.35,1.24
2023-04-28,301008,16.89,17.62,17.67,16.88,3764,9570276.0,4.64,3.53,0.6,1.53
2023-05-04,301008,17.32,17.2,17.58,17.06,6486,16358956.0,2.95,-2.38,-0.42,2.63
2023-05-05,301008,17.09,16.7,17.43,16.56,3947,9672958.0,5.06,-2.91,-0.5,1.6
2023-05-08,301008,16.68,16.99,17.11,16.58,4420,10906870.0,3.17,1.74,0.29,1.79
2023-05-09,301008,16.99,16.45,16.99,16.4,3119,7552113.0,3.47,-3.18,-0.54,1.27
2023-05-10,301008,16.46,16.61,16.68,16.4,1350,3267108.0,1.7,0.97,0.16,0.55
2023-05-11,301008,16.72,16.77,16.84,16.41,2408,5897841.0,2.59,0.96,0.16,0.98
2023-05-12,301008,16.72,16.56,17.0,16.55,2172,5315634.0,2.68,-1.25,-0.21,0.88
2023-05-15,301008,16.55,16.88,16.91,16.55,2166,5304332.0,2.17,1.93,0.32,0.88
2023-05-16,301008,16.74,17.02,17.08,16.74,2600,6453988.0,2.01,0.83,0.14,1.05
2023-05-17,301008,17.07,17.44,17.44,17.07,3657,9105539.0,2.17,2.47,0.42,1.48
2023-05-18,301008,17.68,18.23,18.33,17.47,14027,36343310.0,4.93,4.53,0.79,5.69
2023-05-19,301008,18.14,18.24,18.3,17.93,6360,16579987.0,2.03,0.05,0.01,2.58
2023-05-22,301008,18.51,18.68,18.76,18.24,8347,22242510.0,2.85,2.41,0.44,3.39
2023-05-23,301008,18.77,18.57,18.97,18.54,9893,26581329.0,2.3,-0.59,-0.11,4.01
2023-05-24,301008,18.43,19.0,19.16,18.43,9102,24714502.0,3.93,2.32,0.43,3.69
2023-05-25,301008,19.0,18.86,19.11,18.67,5224,14127744.0,2.32,-0.74,-0.14,2.12
2023-05-26,301008,18.86,18.99,19.11,18.62,5947,16110056.0,2.6,0.69,0.13,2.41
2023-05-29,301008,18.97,18.82,19.11,18.74,3472,9411531.0,1.95,-0.9,-0.17,1.41
2023-05-30,301008,18.82,18.86,19.03,18.5,4003,10819894.0,2.82,0.21,0.04,1.62
2023-05-31,301008,18.81,18.64,18.95,18.55,3022,8124805.0,2.12,-1.17,-0.22,1.23
2023-06-01,301008,18.78,18.54,18.79,18.44,3450,9187309.0,1.88,-0.54,-0.1,1.4
2023-06-02,301008,18.58,18.63,18.73,18.37,2688,7152223.0,1.94,0.49,0.09,1.09
2023-06-05,301008,18.47,18.42,18.53,18.18,4500,11866948.0,1.88,-1.13,-0.21,1.83
2023-06-06,301008,18.42,18.3,18.45,18.11,4203,10994515.0,1.85,-0.65,-0.12,1.71
2023-06-07,301008,18.61,18.01,18.61,17.8,5575,14466794.0,4.43,-1.58,-0.29,2.26
2023-06-08,301008,18.0,17.75,18.1,17.74,4287,11024723.0,2.0,-1.44,-0.26,1.74
2023-06-09,301008,17.9,18.01,18.22,17.83,3887,10089401.0,2.2,1.46,0.26,1.58
2023-06-12,301008,18.29,18.83,19.11,17.84,10498,28048843.0,7.05,4.55,0.82,4.26
2023-06-13,301008,18.8,18.88,19.11,18.66,7259,19591973.0,2.39,0.27,0.05,2.95
2023-06-14,301008,18.88,18.81,18.97,18.55,4357,11688890.0,2.22,-0.37,-0.07,1.77
2023-06-15,301008,18.81,18.97,19.01,18.55,6162,16703108.0,2.45,0.85,0.16,2.5
2023-06-16,301008,18.96,18.79,19.18,18.76,3765,10191039.0,2.21,-0.95,-0.18,1.53
2023-06-19,301008,18.68,18.76,18.99,18.61,4254,11464511.0,2.02,-0.16,-0.03,1.73
2023-06-20,301008,18.76,18.81,18.9,18.55,3679,9898692.0,1.87,0.27,0.05,1.49
2023-06-21,301008,18.83,18.78,19.02,18.68,6365,17216704.0,1.81,-0.16,-0.03,2.58
2023-06-26,301008,18.41,18.35,18.76,18.29,4295,11418232.0,2.5,-2.29,-0.43,1.74
2023-06-27,301008,18.35,18.83,18.93,18.35,4559,12272624.0,3.16,2.62,0.48,1.85
2023-06-28,301008,18.82,18.91,18.92,18.28,5703,15264263.0,3.4,0.42,0.08,2.31
2023-06-29,301008,18.91,19.62,19.79,18.83,13332,37242581.0,5.08,3.75,0.71,5.41
2023-06-30,301008,19.53,19.64,19.97,19.46,8686,24473930.0,2.6,0.1,0.02,3.52
2023-07-03,301008,19.64,19.54,20.05,19.52,8961,25382638.0,2.7,-0.51,-0.1,3.64
2023-07-04,301008,19.53,19.67,19.82,19.47,6568,18492693.0,1.79,0.67,0.13,2.67
2023-07-05,301008,19.55,19.72,19.72,19.37,6395,17967964.0,1.78,0.25,0.05,2.59
2023-07-06,301008,19.72,19.96,20.41,19.51,12799,36636419.0,4.56,1.22,0.24,5.19
2023-07-07,301008,19.69,19.78,20.06,19.4,10073,28494713.0,3.31,-0.9,-0.18,4.09
2023-07-10,301008,19.79,20.26,20.39,19.62,15706,45276600.0,3.89,2.43,0.48,6.37
2023-07-11,301008,20.22,19.97,20.27,19.75,14654,41836550.0,2.57,-1.43,-0.29,5.95
2023-07-12,301008,19.97,19.76,20.17,19.73,12352,35292186.0,2.2,-1.05,-0.21,5.01
2023-07-13,301008,19.91,19.87,20.02,19.59,7350,20834108.0,2.18,0.56,0.11,2.98
2023-07-14,301008,19.86,19.86,20.06,19.54,7626,21700500.0,2.62,-0.05,-0.01,3.09
2023-07-17,301008,19.9,20.01,20.17,19.82,6443,18448902.0,1.76,0.76,0.15,2.61
2023-07-18,301008,20.03,20.16,20.17,19.87,5307,15261494.0,1.5,0.75,0.15,2.15
2023-07-19,301008,20.32,20.15,20.32,20.01,6304,18211279.0,1.54,-0.05,-0.01,2.56
2023-07-20,301008,20.23,19.77,20.23,19.74,5845,16706968.0,2.43,-1.89,-0.38,2.37
2023-07-21,301008,19.92,19.51,19.97,19.49,5207,14677434.0,2.43,-1.32,-0.26,2.11
2023-07-24,301008,19.49,19.58,19.69,19.33,2851,7985788.0,1.85,0.36,0.07,1.16
2023-07-25,301008,19.87,19.89,19.89,19.58,4450,12569877.0,1.58,1.58,0.31,1.81
2023-07-26,301008,19.88,20.21,20.57,19.76,9530,27617078.0,4.07,1.61,0.32,3.87
2023-07-27,301008,20.25,22.07,23.49,20.17,52833,165637233.0,16.43,9.2,1.86,21.44
2023-07-28,301008,21.34,20.83,21.34,20.62,37030,110645015.0,3.26,-5.62,-1.24,15.03
2023-07-31,301008,20.64,21.97,22.37,20.24,43359,130090197.0,10.23,5.47,1.14,17.59
2023-08-01,301008,21.43,21.54,22.4,21.12,31382,96441646.0,5.83,-1.96,-0.43,12.73
2023-08-02,301008,20.98,20.47,20.98,20.32,23433,69110416.0,3.06,-4.97,-1.07,9.51
2023-08-03,301008,20.4,19.41,20.4,19.41,21392,60293137.0,4.84,-5.18,-1.06,8.68
2023-08-04,301008,19.53,19.5,19.69,19.36,8700,24331949.0,1.7,0.46,0.09,3.53
2023-08-07,301008,19.5,19.41,19.66,19.29,7380,20586550.0,1.9,-0.46,-0.09,2.99
2023-08-08,301008,20.62,21.47,23.04,20.62,62581,194588317.0,12.47,10.61,2.06,25.39
2023-08-09,301008,21.48,23.49,24.12,21.07,93101,302293711.0,14.21,9.41,2.02,37.78
2023-08-10,301008,21.19,21.84,22.69,21.11,58927,183266217.0,6.73,-7.02,-1.65,23.91
2023-08-11,301008,21.94,20.07,22.04,19.76,50573,148300112.0,10.44,-8.1,-1.77,20.52
2023-08-14,301008,20.12,19.07,20.46,18.84,36949,102850763.0,8.07,-4.98,-1.0,14.99
2023-08-15,301008,19.0,18.51,19.1,18.38,25529,68158089.0,3.78,-2.94,-0.56,10.36
2023-08-16,301008,18.3,18.47,18.5,18.17,15295,40275313.0,1.78,-0.22,-0.04,6.21
2023-08-17,301008,18.38,18.63,18.65,17.97,19712,51673719.0,3.68,0.87,0.16,8.0
2023-08-18,301008,18.49,18.9,19.46,18.37,28032,76268271.0,5.85,1.45,0.27,11.37
2023-08-21,301008,18.83,19.49,19.85,18.83,26985,74945934.0,5.4,3.12,0.59,10.95
2023-08-22,301008,19.47,19.02,19.61,18.76,16495,45131195.0,4.36,-2.41,-0.47,6.69
2023-08-23,301008,18.76,18.65,19.08,18.52,11956,32139517.0,2.94,-1.95,-0.37,4.85
2023-08-24,301008,18.47,18.54,18.98,18.05,13938,36827886.0,4.99,-0.59,-0.11,5.66
2023-08-25,301008,18.23,17.65,18.53,17.57,13515,34979080.0,5.18,-4.8,-0.89,5.48
2023-08-28,301008,18.83,17.97,18.86,17.9,14023,36835053.0,5.44,1.81,0.32,5.69
2023-08-29,301008,18.43,21.34,21.66,18.24,55795,163265421.0,19.03,18.75,3.37,22.64
2023-08-30,301008,21.05,21.16,21.92,20.89,36197,110673862.0,4.83,-0.84,-0.18,14.69
2023-08-31,301008,21.11,20.94,21.94,20.91,21111,64263052.0,4.87,-1.04,-0.22,8.57
2023-09-01,301008,20.95,21.13,21.44,20.72,15954,48131431.0,3.44,0.91,0.19,6.47
2023-09-04,301008,21.18,21.34,21.59,20.89,18050,54728328.0,3.31,0.99,0.21,7.32
2023-09-05,301008,21.34,21.03,21.54,20.93,16442,49727878.0,2.86,-1.45,-0.31,6.67
2023-09-06,301008,21.48,20.91,21.48,20.74,11071,33176622.0,3.52,-0.57,-0.12,4.49
2023-09-07,301008,20.84,20.46,21.12,20.43,10043,29669354.0,3.3,-2.15,-0.45,4.08
2023-09-08,301008,20.3,20.69,21.13,20.3,12574,37543899.0,4.06,1.12,0.23,5.1
2023-09-11,301008,20.69,20.53,20.83,20.4,10419,30744083.0,2.08,-0.77,-0.16,4.23
2023-09-12,301008,20.52,20.23,20.53,20.07,8606,24887966.0,2.24,-1.46,-0.3,3.49
2023-09-13,301008,20.25,20.02,20.26,19.76,9608,27564727.0,2.47,-1.04,-0.21,3.9
2023-09-14,301008,20.05,19.57,20.19,19.46,7780,21913332.0,3.65,-2.25,-0.45,3.16
2023-09-15,301008,19.74,19.65,19.96,19.44,9698,27401752.0,2.66,0.41,0.08,3.94
2023-09-18,301008,19.67,19.91,20.33,19.19,9369,26700630.0,5.8,1.32,0.26,3.8
2023-09-19,301008,20.0,19.52,20.0,19.41,4637,12985351.0,2.96,-1.96,-0.39,1.88
2023-09-20,301008,19.54,19.33,19.92,19.33,5647,15824047.0,3.02,-0.97,-0.19,2.29
2023-09-21,301008,19.33,19.41,19.72,19.31,7095,19805907.0,2.12,0.41,0.08,2.88
2023-09-22,301008,19.41,20.0,20.05,19.19,8232,23298845.0,4.43,3.04,0.59,3.34
2023-09-25,301008,20.02,20.11,20.26,19.9,7447,21360143.0,1.8,0.55,0.11,3.02
2023-09-26,301008,20.05,20.35,20.5,19.9,9828,28520317.0,2.98,1.19,0.24,3.99
2023-09-27,301008,20.27,20.4,20.69,20.02,11678,34169729.0,3.29,0.25,0.05,4.74
2023-09-28,301008,20.31,20.82,21.03,20.31,13176,39300457.0,3.53,2.06,0.42,5.35
2023-10-09,301008,20.98,20.98,21.23,20.77,11956,35941703.0,2.21,0.77,0.16,4.85
2023-10-10,301008,21.18,20.81,21.18,20.69,9963,29730066.0,2.34,-0.81,-0.17,4.04
2023-10-11,301008,20.84,20.63,20.98,20.22,11613,34098975.0,3.65,-0.86,-0.18,4.71
2023-10-12,301008,20.66,20.26,20.69,20.12,8189,23739821.0,2.76,-1.79,-0.37,3.32
2023-10-13,301008,20.2,20.05,20.4,19.98,9583,27557353.0,2.07,-1.04,-0.21,3.89
2023-10-16,301008,19.99,19.91,20.25,19.61,7184,20484052.0,3.19,-0.7,-0.14,2.92
2023-10-17,301008,20.09,19.91,20.15,19.54,5451,15501261.0,3.06,0.0,0.0,2.21
2023-10-18,301008,19.9,19.53,20.01,19.47,5310,14989199.0,2.71,-1.91,-0.38,2.15
2023-10-19,301008,19.53,19.53,20.02,19.33,6107,17197262.0,3.53,0.0,0.0,2.48
2023-10-20,301008,19.92,19.26,19.99,19.19,7964,22235685.0,4.1,-1.38,-0.27,3.23
2023-10-23,301008,19.5,18.79,19.54,18.66,8124,22073257.0,4.57,-2.44,-0.47,3.3
2023-10-24,301008,18.8,19.65,19.74,18.8,7701,21482764.0,5.0,4.58,0.86,3.13
2023-10-25,301008,19.74,20.04,20.12,19.58,6735,19223969.0,2.75,1.98,0.39,2.73
2023-10-26,301008,20.3,20.07,20.37,19.67,6052,17300366.0,3.49,0.15,0.03,2.46
2023-10-27,301008,20.07,20.51,20.6,19.98,7054,20539688.0,3.09,2.19,0.44,2.86
2023-10-30,301008,20.96,20.84,21.11,20.48,14476,43216495.0,3.07,1.61,0.33,5.87
2023-10-31,301008,20.81,20.85,21.41,20.61,11923,35804353.0,3.84,0.05,0.01,4.84
2023-11-01,301008,20.82,21.29,21.36,20.58,13766,41705535.0,3.74,2.11,0.44,5.59
2023-11-02,301008,21.29,20.73,21.3,20.66,10472,31304287.0,3.01,-2.63,-0.56,4.25
2023-11-03,301008,20.66,20.92,21.25,20.66,8326,25042573.0,2.85,0.92,0.19,3.38
2023-11-06,301008,21.11,21.24,21.28,20.93,9364,28344331.0,1.67,1.53,0.32,3.8
2023-11-07,301008,21.39,21.06,21.39,20.92,8104,24408620.0,2.21,-0.85,-0.18,3.29
2023-11-08,301008,21.16,20.94,21.16,20.82,9641,28921148.0,1.61,-0.57,-0.12,3.91
2023-11-09,301008,20.98,20.78,21.14,20.74,7796,23257039.0,1.91,-0.76,-0.16,3.16
2023-11-10,301008,20.78,20.88,21.06,20.69,6438,19232730.0,1.78,0.48,0.1,2.61
2023-11-13,301008,21.01,21.19,21.29,20.89,9751,29401776.0,1.92,1.48,0.31,3.96
2023-11-14,301008,21.44,21.01,21.44,20.94,6802,20489936.0,2.36,-0.85,-0.18,2.76
2023-11-15,301008,21.32,21.19,21.32,20.99,7935,24018980.0,1.57,0.86,0.18,3.22
2023-11-16,301008,21.21,20.97,21.31,20.97,5570,16821578.0,1.6,-1.04,-0.22,2.26
2023-11-17,301008,21.21,21.35,21.4,20.81,8259,25089460.0,2.81,1.81,0.38,3.35
2023-11-20,301008,21.54,21.51,21.69,21.05,10200,31119494.0,3.0,0.75,0.16,4.14
2023-11-21,301008,21.63,21.23,21.67,21.12,7771,23669119.0,2.56,-1.3,-0.28,3.15
2023-11-22,301008,21.13,21.06,21.37,20.98,6656,20143871.0,1.84,-0.8,-0.17,2.7
2023-11-23,301008,21.03,21.43,21.48,21.02,9302,28332827.0,2.18,1.76,0.37,3.77
2023-11-24,301008,21.44,20.91,21.44,20.83,7953,23852678.0,2.85,-2.43,-0.52,3.23
2023-11-27,301008,21.03,21.15,21.46,20.78,9993,30176600.0,3.25,1.15,0.24,4.05
2023-11-28,301008,21.15,21.81,21.82,21.06,15960,49273837.0,3.59,3.12,0.66,6.48
2023-11-29,301008,21.74,21.49,22.05,21.41,14890,46126539.0,2.93,-1.47,-0.32,6.04
2023-11-30,301008,21.36,21.41,21.57,20.99,13817,41944022.0,2.7,-0.37,-0.08,5.61
2023-12-01,301008,21.46,20.73,22.18,20.34,32996,99668933.0,8.59,-3.18,-0.68,13.39
2023-12-04,301008,21.29,21.1,22.05,20.59,27899,84028535.0,7.04,1.78,0.37,11.32
2023-12-05,301008,20.93,20.33,20.97,20.28,18015,52789156.0,3.27,-3.65,-0.77,7.31
2023-12-06,301008,20.39,21.39,23.54,20.39,47471,148436402.0,15.49,5.21,1.06,19.26
2023-12-07,301008,20.93,20.26,21.32,20.05,40335,117375346.0,5.94,-5.28,-1.13,16.37
2023-12-08,301008,20.27,19.72,20.81,19.72,26715,77112903.0,5.38,-2.67,-0.54,10.84
2023-12-11,301008,19.65,20.22,20.44,19.54,17630,50660045.0,4.56,2.54,0.5,7.15
2023-12-12,301008,20.2,20.25,20.32,19.91,10646,30608755.0,2.03,0.15,0.03,4.32
2023-12-13,301008,20.17,20.51,20.82,19.96,14972,43828789.0,4.25,1.28,0.26,6.08
2023-12-14,301008,20.53,20.41,20.89,20.34,8857,26027227.0,2.68,-0.49,-0.1,3.59
2023-12-15,301008,20.39,20.38,20.58,20.15,8118,23572893.0,2.11,-0.15,-0.03,3.29
2023-12-18,301008,20.25,20.34,20.58,20.07,8750,25501519.0,2.5,-0.2,-0.04,3.55
2023-12-19,301008,20.31,20.6,20.77,20.2,11225,32912160.0,2.8,1.28,0.26,4.55
2023-12-20,301008,20.6,20.96,21.43,20.6,16232,49045091.0,4.03,1.75,0.36,6.59
2023-12-21,301008,20.96,20.74,20.98,20.04,15803,46311796.0,4.48,-1.05,-0.22,6.41
2023-12-22,301008,20.74,20.43,21.1,20.27,10393,30635995.0,4.0,-1.49,-0.31,4.22
2023-12-25,301008,20.38,20.12,20.54,19.97,7631,21998360.0,2.79,-1.52,-0.31,3.1
2023-12-26,301008,20.12,19.88,20.17,19.75,6897,19702806.0,2.09,-1.19,-0.24,2.8
2023-12-27,301008,19.97,19.92,20.06,19.61,6365,18070640.0,2.26,0.2,0.04,2.58
2023-12-28,301008,20.03,20.77,20.84,19.61,12235,35784032.0,6.17,4.27,0.85,4.96
2023-12-29,301008,20.73,21.11,21.13,20.56,10537,31613407.0,2.74,1.64,0.34,4.28
2024-01-02,301008,21.13,21.3,21.59,21.11,11951,36583546.0,2.27,0.9,0.19,4.85
2024-01-03,301008,21.31,21.11,21.48,21.0,7732,23403101.0,2.25,-0.89,-0.19,3.14
2024-01-04,301008,21.45,21.03,21.45,20.95,6556,19751819.0,2.37,-0.38,-0.08,2.66
2024-01-05,301008,21.02,20.7,21.19,20.53,9252,27545018.0,3.14,-1.57,-0.33,3.75
2024-01-08,301008,20.6,20.5,20.98,20.44,8437,24966087.0,2.61,-0.97,-0.2,3.42
2024-01-09,301008,20.38,20.73,21.24,20.38,8702,25922507.0,4.2,1.12,0.23,3.53
2024-01-10,301008,20.73,20.51,20.96,20.35,7829,23109364.0,2.94,-1.06,-0.22,3.18
2024-01-11,301008,20.47,20.69,20.76,20.3,7850,23064924.0,2.24,0.88,0.18,3.19
2024-01-12,301008,20.68,20.6,21.03,20.55,7750,23023904.0,2.32,-0.43,-0.09,3.14
2024-01-15,301008,20.38,20.32,20.93,20.19,6008,17493248.0,3.59,-1.36,-0.28,2.44
2024-01-16,301008,20.62,20.08,20.62,19.77,7583,21780325.0,4.18,-1.18,-0.24,3.08
2024-01-17,301008,20.12,19.68,20.24,19.68,5350,15295311.0,2.79,-1.99,-0.4,2.17
2024-01-18,301008,19.77,19.0,19.77,18.54,10449,28466315.0,6.25,-3.46,-0.68,4.24
2024-01-19,301008,19.09,18.51,19.14,18.45,9522,25511087.0,3.63,-2.58,-0.49,3.86
2024-01-22,301008,18.51,17.49,18.7,17.38,9085,23537731.0,7.13,-5.51,-1.02,3.69
2024-01-23,301008,17.45,17.04,17.85,16.82,11735,28765137.0,5.89,-2.57,-0.45,4.76
2024-01-24,301008,17.09,17.21,17.36,16.43,9571,23307423.0,5.46,1.0,0.17,3.88
2024-01-25,301008,17.26,18.08,18.15,17.04,8319,21109663.0,6.45,5.06,0.87,3.38
2024-01-26,301008,18.23,18.15,18.53,17.89,8673,22738894.0,3.54,0.39,0.07,3.52
2024-01-29,301008,18.19,17.54,18.49,17.49,8341,21350942.0,5.51,-3.36,-0.61,3.38
2024-01-30,301008,17.68,16.75,17.68,16.73,8318,20439505.0,5.42,-4.5,-0.79,3.38
2024-01-31,301008,16.78,15.86,16.82,15.65,10186,23555519.0,6.99,-5.31,-0.89,4.13
2024-02-01,301008,15.81,15.15,15.81,14.73,14358,31277031.0,6.81,-4.48,-0.71,5.83
2024-02-02,301008,15.2,14.1,15.58,13.44,15260,31585138.0,14.13,-6.93,-1.05,6.19
2024-02-05,301008,14.02,11.72,14.02,11.47,20861,37138994.0,18.09,-16.88,-2.38,8.46
2024-02-06,301008,10.98,11.24,12.07,10.1,25979,41880414.0,16.81,-4.1,-0.48,10.54
2024-02-07,301008,11.47,10.44,11.49,10.16,29501,45702305.0,11.83,-7.12,-0.8,11.97
2024-02-08,301008,10.73,12.06,12.23,10.45,26654,44063449.0,17.05,15.52,1.62,10.82
2024-02-19,301008,12.28,12.71,13.05,12.28,23798,43846135.0,6.38,5.39,0.65,9.66
2024-02-20,301008,12.71,13.52,13.8,12.43,23669,45183408.0,10.78,6.37,0.81,9.6
2024-02-21,301008,13.24,14.0,14.37,13.18,21784,44045294.0,8.8,3.55,0.48,8.84
2024-02-22,301008,14.05,14.51,14.61,13.8,19458,40155462.0,5.79,3.64,0.51,7.9
2024-02-23,301008,14.54,14.81,14.86,14.3,20792,43835120.0,3.86,2.07,0.3,8.44
2024-02-26,301008,14.92,15.37,15.91,14.86,23269,51515677.0,7.09,3.78,0.56,9.44
2024-02-27,301008,15.19,16.39,16.46,15.05,20353,46670977.0,9.17,6.64,1.02,8.26
2024-02-28,301008,16.26,14.44,16.72,14.39,27969,62810558.0,14.22,-11.9,-1.95,11.35
2024-02-29,301008,14.33,15.02,15.02,14.14,26727,56698838.0,6.09,4.02,0.58,10.85
2024-03-01,301008,15.01,15.04,15.23,14.71,17728,38334119.0,3.46,0.13,0.02,7.19
2024-03-04,301008,15.23,15.11,15.27,14.68,13501,29318196.0,3.92,0.47,0.07,5.48
2024-03-05,301008,14.94,14.73,15.14,14.66,9852,21183877.0,3.18,-2.51,-0.38,4.0
2024-03-06,301008,14.71,15.06,15.15,14.57,10369,22350076.0,3.94,2.24,0.33,4.21
2024-03-07,301008,15.06,15.5,15.77,15.06,16119,36006967.0,4.71,2.92,0.44,6.54
2024-03-08,301008,15.6,15.37,15.93,15.17,10620,23553141.0,4.9,-0.84,-0.13,4.31
2024-03-11,301008,15.41,15.66,15.7,15.26,9983,22299550.0,2.86,1.89,0.29,4.05
2024-03-12,301008,15.85,15.95,15.95,15.5,11814,26857875.0,2.87,1.85,0.29,4.79
2024-03-13,301008,15.99,15.93,16.22,15.8,10077,23213532.0,2.63,-0.13,-0.02,4.09
2024-03-14,301008,15.95,15.84,16.21,15.69,10478,24073708.0,3.26,-0.56,-0.09,4.25
2024-03-15,301008,15.85,16.18,16.23,15.6,10743,24663281.0,3.98,2.15,0.34,4.36
2024-03-18,301008,16.35,16.7,16.77,16.26,12442,29715124.0,3.15,3.21,0.52,5.05
2024-03-19,301008,16.81,16.68,17.09,16.56,9186,22167641.0,3.17,-0.12,-0.02,3.73
2024-03-20,301008,16.68,16.91,17.03,16.63,8755,21222291.0,2.4,1.38,0.23,3.55
2024-03-21,301008,16.9,16.98,17.15,16.64,7708,18772991.0,3.02,0.41,0.07,3.13
2024-03-22,301008,16.95,16.4,17.03,16.4,9461,22564855.0,3.71,-3.42,-0.58,3.84
2024-03-25,301008,16.4,16.1,16.81,16.09,10387,24668272.0,4.39,-1.83,-0.3,4.21
2024-03-26,301008,16.11,16.18,16.39,15.61,7760,17958070.0,4.84,0.5,0.08,3.15
2024-03-27,301008,16.18,15.27,16.18,15.27,8433,19055105.0,5.62,-5.62,-0.91,3.42
2024-03-28,301008,15.48,16.2,16.48,15.27,10833,24996323.0,7.92,6.09,0.93,4.4
2024-03-29,301008,16.18,16.33,16.42,15.88,10268,23888875.0,3.33,0.8,0.13,4.17
2024-04-01,301008,16.67,16.75,16.83,16.25,9695,23201545.0,3.55,2.57,0.42,3.93
2024-04-02,301008,16.74,16.66,16.88,16.46,7188,17247251.0,2.51,-0.54,-0.09,2.92
2024-04-03,301008,16.66,16.48,16.78,16.11,7780,18380282.0,4.02,-1.08,-0.18,3.16
2024-04-08,301008,16.39,15.68,16.63,15.67,9601,22219082.0,5.83,-4.85,-0.8,3.9
2024-04-09,301008,15.8,16.05,16.12,15.7,6334,14536802.0,2.68,2.36,0.37,2.57
2024-04-10,301008,16.03,15.45,16.05,15.02,6900,15450395.0,6.42,-3.74,-0.6,2.8
2024-04-11,301008,15.45,15.52,15.85,15.03,6294,14133900.0,5.31,0.45,0.07,2.55
2024-04-12,301008,15.97,18.73,18.73,15.97,28203,74590621.0,17.78,20.68,3.21,11.44
2024-04-15,301008,19.11,18.45,20.46,16.52,78758,213919061.0,21.04,-1.49,-0.28,31.95
2024-04-16,301008,17.09,17.21,18.1,14.72,52529,123436854.0,18.32,-6.72,-1.24,21.31
2024-04-17,301008,16.71,18.58,19.24,16.71,56996,148590574.0,14.7,7.96,1.37,23.12
2024-04-18,301008,18.29,19.66,19.87,17.72,60887,166467465.0,11.57,5.81,1.08,24.7
2024-04-19,301008,18.83,18.35,19.05,17.86,45117,119080453.0,6.05,-6.66,-1.31,18.3
2024-04-22,301008,18.43,17.63,19.65,17.59,36730,97375674.0,11.23,-3.92,-0.72,14.9
2024-04-23,301008,17.32,17.09,17.59,16.78,29077,71576750.0,4.59,-3.06,-0.54,11.8
2024-04-24,301008,17.31,16.96,17.37,16.43,22100,53452231.0,5.5,-0.76,-0.13,8.97
2024-04-25,301008,16.96,17.36,17.42,16.33,24955,61147310.0,6.43,2.36,0.4,10.12
2024-04-26,301008,17.06,17.56,17.95,16.58,29553,72968831.0,7.89,1.15,0.2,11.99
2024-04-29,301008,18.11,17.96,18.44,17.74,28211,72755558.0,3.99,2.28,0.4,11.45
2024-04-30,301008,17.81,18.76,19.24,17.58,37897,101146016.0,9.24,4.45,0.8,15.38
2024-05-06,301008,18.79,19.91,19.91,18.4,46050,126896280.0,8.05,6.13,1.15,18.68
2024-05-07,301008,19.54,19.24,19.64,19.06,30691,84765370.0,2.91,-3.37,-0.67,12.45
2024-05-08,301008,19.27,19.09,19.53,18.89,22421,61578650.0,3.33,-0.78,-0.15,9.1
2024-05-09,301008,18.9,18.9,19.18,18.76,19364,52634198.0,2.2,-1.0,-0.19,7.86
2024-05-10,301008,18.83,18.98,19.26,18.71,16188,44045644.0,2.91,0.42,0.08,6.57
2024-05-13,301008,18.83,19.34,19.34,18.14,28154,76462385.0,6.32,1.9,0.36,11.42
2024-05-14,301008,19.09,18.93,19.46,18.73,16224,44298296.0,3.77,-2.12,-0.41,6.58
2024-05-15,301008,18.93,18.19,18.93,18.17,14612,38744033.0,4.01,-3.91,-0.74,5.93
2024-05-16,301008,18.23,18.47,18.6,18.12,13039,34352193.0,2.64,1.54,0.28,5.29
2024-05-17,301008,18.69,18.68,18.81,18.48,10928,29213670.0,1.79,1.14,0.21,4.43
2024-05-20,301008,18.58,18.41,18.66,18.24,10734,28286740.0,2.25,-1.45,-0.27,4.35
2024-05-21,301008,18.51,19.86,21.19,18.51,52703,149344466.0,14.56,7.88,1.45,21.38
2024-05-22,301008,19.54,20.73,20.81,19.33,50624,145885421.0,7.45,4.38,0.87,20.54
2024-05-23,301008,20.17,19.95,20.33,19.59,31773,90863495.0,3.57,-3.76,-0.78,12.89
2024-05-24,301008,19.69,20.41,20.62,19.53,32027,92599930.0,5.46,2.31,0.46,12.99
2024-05-27,301008,20.26,19.33,21.46,18.83,44324,129017478.0,12.89,-5.29,-1.08,17.98
2024-05-28,301008,18.83,18.17,18.83,17.96,32624,85948637.0,4.5,-6.0,-1.16,13.24
2024-05-29,301008,18.17,18.68,19.31,18.17,25559,68785274.0,6.27,2.81,0.51,10.37
2024-05-30,301008,18.5,17.95,18.54,17.81,22797,59068992.0,3.91,-3.91,-0.73,9.25
2024-05-31,301008,17.9,18.56,18.6,17.9,18500,48728496.0,3.9,3.4,0.61,7.5
2024-06-03,301008,18.56,18.26,18.97,18.07,13849,36458971.0,4.85,-1.62,-0.3,5.62
2024-06-04,301008,18.17,17.97,18.25,17.67,11607,29834743.0,3.18,-1.59,-0.29,4.71
2024-06-05,301008,18.04,17.74,18.17,17.62,9738,25012507.0,3.06,-1.28,-0.23,3.95
2024-06-06,301008,17.77,16.23,17.95,16.02,20115,48491802.0,10.88,-8.51,-1.51,8.16
2024-06-07,301008,16.63,16.75,16.99,16.41,12593,30306225.0,3.57,3.2,0.52,5.11
2024-06-11,301008,16.77,17.15,17.18,16.03,8686,20970005.0,6.87,2.39,0.4,1.09
2024-06-12,301008,17.15,17.91,17.95,17.04,11962,30460289.0,5.31,4.43,0.76,1.5
2024-06-13,301008,18.25,18.4,18.93,17.94,22772,60646175.0,5.53,2.74,0.49,3.29
2024-06-14,301008,18.4,18.7,18.76,18.25,14454,38561118.0,2.77,1.63,0.3,2.09
2024-06-17,301008,18.74,18.62,18.81,18.48,10297,27534805.0,1.76,-0.43,-0.08,1.49
2024-06-18,301008,18.58,19.13,19.22,18.47,18752,50934094.0,4.03,2.74,0.51,2.71
2024-06-19,301008,19.04,18.82,19.23,18.69,16365,44270409.0,2.82,-1.62,-0.31,2.36
2024-06-20,301008,18.75,18.0,18.75,17.93,19197,35108787.0,4.36,-4.36,-0.82,1.99
2024-06-21,301008,18.27,17.69,18.27,17.43,12376,22072009.0,4.67,-1.72,-0.31,1.28
2024-06-24,301008,17.6,16.7,17.6,16.61,16133,27431332.0,5.6,-5.6,-0.99,1.67
2024-06-25,301008,16.87,16.83,17.17,16.57,10533,17877064.0,3.59,0.78,0.13,1.09
2024-06-26,301008,16.68,17.44,17.47,16.54,12901,22136493.0,5.53,3.62,0.61,1.34
2024-06-27,301008,17.33,17.09,17.66,17.05,13005,22634728.0,3.5,-2.01,-0.35,1.35
2024-06-28,301008,17.42,17.36,17.75,17.23,15966,28037585.0,3.04,1.58,0.27,1.65
2024-07-01,301008,17.15,17.42,17.54,16.97,9497,16518920.0,3.28,0.35,0.06,0.98
2024-07-02,301008,17.43,17.52,17.55,17.21,8564,15016580.0,1.95,0.57,0.1,0.89
2024-07-03,301008,17.6,17.07,17.73,16.94,8775,15130034.0,4.51,-2.57,-0.45,0.91
2024-07-04,301008,17.03,16.65,17.31,16.61,5992,10177581.0,4.1,-2.46,-0.42,0.62
2024-07-05,301008,16.51,16.61,17.0,16.34,6242,10386147.0,3.96,-0.24,-0.04,0.65
2024-07-08,301008,16.9,16.22,17.0,16.13,7963,13205603.0,5.24,-2.35,-0.39,0.82
2024-07-09,301008,16.49,16.68,16.73,15.83,12390,20389936.0,5.55,2.84,0.46,1.28
2024-07-10,301008,16.65,16.78,16.96,16.51,8632,14590246.0,2.7,0.6,0.1,0.89
2024-07-11,301008,17.01,17.38,17.49,16.93,12327,21480778.0,3.34,3.58,0.6,1.28
2024-07-12,301008,17.25,17.09,17.42,17.0,9237,15933721.0,2.42,-1.67,-0.29,0.96
2024-07-15,301008,17.09,16.5,17.09,16.49,7734,12932331.0,3.51,-3.45,-0.59,0.8
2024-07-16,301008,16.65,16.65,16.69,16.28,5794,9645370.0,2.48,0.91,0.15,0.6
2024-07-17,301008,16.65,16.03,16.71,15.9,6870,11213524.0,4.86,-3.72,-0.62,0.71
2024-07-18,301008,15.88,15.8,15.93,15.31,7961,12501920.0,3.87,-1.43,-0.23,0.82
2024-07-19,301008,15.81,15.95,16.06,15.71,7714,12356875.0,2.22,0.95,0.15,0.8
2024-07-22,301008,16.0,16.15,16.3,15.98,8259,13428185.0,2.01,1.25,0.2,0.86
2024-07-23,301008,16.29,15.65,16.36,15.65,6531,10496228.0,4.4,-3.1,-0.5,0.68
2024-07-24,301008,15.65,15.46,15.89,15.45,6076,9555976.0,2.81,-1.21,-0.19,0.63
2024-07-25,301008,15.5,15.53,15.82,15.27,8123,12718715.0,3.56,0.45,0.07,0.84
2024-07-26,301008,16.39,18.66,18.66,16.35,74985,137151310.0,14.87,20.15,3.13,7.77
2024-07-29,301008,18.39,17.94,19.28,17.47,90595,165085483.0,9.7,-3.86,-0.72,9.39
2024-07-30,301008,17.7,17.7,17.89,17.32,48785,86303056.0,3.18,-1.34,-0.24,5.05
2024-07-31,301008,17.7,17.86,18.08,17.5,45055,80641146.0,3.28,0.9,0.16,4.67
2024-08-01,301008,17.78,18.13,18.13,17.7,40353,72842766.0,2.41,1.51,0.27,4.18
2024-08-02,301008,17.93,17.42,18.19,17.3,35077,62606573.0,4.91,-3.92,-0.71,3.63
2024-08-05,301008,17.42,17.25,17.68,17.03,21190,37019426.0,3.73,-0.98,-0.17,2.2
2024-08-06,301008,17.32,18.03,18.05,17.28,38987,69591332.0,4.46,4.52,0.78,4.04
2024-08-07,301008,17.83,17.68,18.02,17.56,23878,42673115.0,2.55,-1.94,-0.35,2.47
2024-08-08,301008,17.74,17.36,17.75,17.04,19118,33339325.0,4.02,-1.81,-0.32,1.98
2024-08-09,301008,17.47,17.11,17.58,17.1,13918,24163611.0,2.76,-1.44,-0.25,1.44
2024-08-12,301008,16.99,17.09,17.19,16.8,10675,18273440.0,2.28,-0.12,-0.02,1.11
2024-08-13,301008,17.09,17.23,17.23,16.7,10547,18041143.0,3.1,0.82,0.14,1.09
2024-08-14,301008,17.38,17.11,17.47,17.08,8163,14102326.0,2.26,-0.7,-0.12,0.85
2024-08-15,301008,17.08,16.78,17.3,16.63,18568,31615327.0,3.92,-1.93,-0.33,1.92
2024-08-16,301008,16.89,16.63,16.94,16.5,11838,19907342.0,2.62,-0.89,-0.15,1.23
2024-08-19,301008,16.53,16.33,16.72,16.32,10515,17429136.0,2.41,-1.8,-0.3,1.09
2024-08-20,301008,16.35,16.14,16.44,15.96,11314,18350991.0,2.94,-1.16,-0.19,1.17
2024-08-21,301008,16.1,16.1,16.22,15.98,7826,12691022.0,1.49,-0.25,-0.04,0.81
2024-08-22,301008,16.09,16.15,16.56,15.97,19195,31301705.0,3.66,0.31,0.05,1.99
2024-08-23,301008,16.18,16.1,16.43,15.67,16290,26225927.0,4.71,-0.31,-0.05,1.69
2024-08-26,301008,16.4,16.11,16.49,15.9,10043,16298406.0,3.66,0.06,0.01,1.04
2024-08-27,301008,16.11,15.77,16.22,15.73,12736,20421448.0,3.04,-2.11,-0.34,1.32
2024-08-28,301008,15.77,15.84,15.95,15.61,10114,16074024.0,2.16,0.44,0.07,1.05
2024-08-29,301008,15.8,15.96,15.97,15.6,8257,13147807.0,2.34,0.76,0.12,0.86
2024-08-30,301008,15.9,16.13,16.32,15.85,13672,22235079.0,2.94,1.07,0.17,1.42
2024-09-02,301008,16.13,15.92,16.29,15.92,9510,15354277.0,2.29,-1.3,-0.21,0.99
2024-09-03,301008,15.91,15.72,16.1,15.65,11787,18776252.0,2.83,-1.26,-0.2,1.22
2024-09-04,301008,15.7,15.51,15.7,15.35,10492,16399077.0,2.23,-1.34,-0.21,1.09
2024-09-05,301008,15.54,15.72,15.72,15.5,7389,11621803.0,1.42,1.35,0.21,0.77
2024-09-06,301008,15.74,15.03,15.74,15.01,11076,17044535.0,4.64,-4.39,-0.69,1.15
2024-09-09,301008,15.02,15.04,15.16,14.78,6224,9382292.0,2.53,0.07,0.01,0.64
2024-09-10,301008,15.04,15.18,15.23,14.88,5007,7596825.0,2.33,0.93,0.14,0.52
2024-09-11,301008,15.21,15.05,15.22,15.0,3813,5791423.0,1.45,-0.86,-0.13,0.4
2024-09-12,301008,15.04,14.79,15.28,14.79,5996,9092496.0,3.26,-1.73,-0.26,0.62
2024-09-13,301008,14.84,14.41,14.87,14.4,7126,10442528.0,3.18,-2.57,-0.38,0.74
2024-09-18,301008,14.43,14.19,14.62,13.9,8381,11957912.0,5.0,-1.53,-0.22,0.87
2024-09-19,301008,14.28,14.55,14.63,14.17,9224,13412788.0,3.24,2.54,0.36,0.96
2024-09-20,301008,14.66,14.39,14.66,14.22,6797,9845046.0,3.02,-1.1,-0.16,0.7
2024-09-23,301008,14.4,14.33,14.47,14.15,4702,6777891.0,2.22,-0.42,-0.06,0.49
2024-09-24,301008,14.4,14.94,14.94,14.27,11432,16816950.0,4.68,4.26,0.61,1.18
2024-09-25,301008,14.96,14.94,15.38,14.91,13378,20377923.0,3.15,0.0,0.0,1.39
2024-09-26,301008,14.75,15.32,15.32,14.75,12518,19048976.0,3.82,2.54,0.38,1.3
2024-09-27,301008,15.58,16.15,16.4,15.43,21287,34098398.0,6.33,5.42,0.83,2.21
2024-09-30,301008,17.03,18.14,18.53,16.26,47760,83973805.0,14.06,12.32,1.99,4.95
2024-10-08,301008,21.6,20.08,21.6,18.46,57601,115120856.0,17.31,10.69,1.94,5.97
2024-10-09,301008,19.06,17.61,19.25,17.49,37556,69658051.0,8.76,-12.3,-2.47,3.89
2024-10-10,301008,18.07,18.12,18.35,17.51,22883,41556679.0,4.77,2.9,0.51,2.37
2024-10-11,301008,18.18,17.05,18.18,16.73,19807,34482871.0,8.0,-5.91,-1.07,2.05
2024-10-14,301008,17.5,17.78,17.78,16.72,23141,40232848.0,6.22,4.28,0.73,2.4
2024-10-15,301008,17.77,17.41,18.1,17.17,16550,29554038.0,5.23,-2.08,-0.37,1.71
2024-10-16,301008,17.41,17.3,17.55,17.06,12220,21330240.0,2.81,-0.63,-0.11,1.27
2024-10-17,301008,17.4,17.15,17.67,17.1,13322,23309554.0,3.29,-0.87,-0.15,1.38
2024-10-18,301008,17.22,17.65,17.97,17.1,18885,33384341.0,5.07,2.92,0.5,1.96
2024-10-21,301008,17.65,17.77,18.08,17.5,21084,37750792.0,3.29,0.68,0.12,2.18
2024-10-22,301008,17.9,18.1,18.22,17.68,19678,35645214.0,3.04,1.86,0.33,2.04
2024-10-23,301008,18.1,17.96,18.58,17.82,19934,36345494.0,4.2,-0.77,-0.14,2.07
2024-10-24,301008,17.87,17.69,17.98,17.55,11705,20852616.0,2.39,-1.5,-0.27,1.21
2024-10-25,301008,17.8,18.19,18.2,17.7,19974,36212647.0,2.83,2.83,0.5,2.07
2024-10-28,301008,18.27,20.71,20.87,18.2,82057,163306867.0,14.68,13.85,2.52,8.5
2024-10-29,301008,20.9,24.87,24.87,19.7,166950,388921899.0,24.96,20.09,4.16,17.3
2024-10-30,301008,23.41,23.02,26.56,22.05,170169,404600042.0,18.13,-7.44,-1.85,17.63
2024-10-31,301008,22.58,22.37,22.7,21.4,104061,229773902.0,5.65,-2.82,-0.65,10.78
2024-11-01,301008,21.9,20.24,21.9,20.2,72645,152609333.0,7.6,-9.52,-2.13,7.53
2024-11-04,301008,20.24,21.18,21.37,19.95,52903,109934339.0,7.02,4.64,0.94,5.48
2024-11-05,301008,20.86,21.37,21.55,20.63,53639,114500666.0,4.34,0.9,0.19,5.56
2024-11-06,301008,21.78,21.32,22.2,20.97,54008,117213962.0,5.76,-0.23,-0.05,5.6
2024-11-07,301008,21.32,21.61,22.0,20.57,53750,115882031.0,6.71,1.36,0.29,5.57
2024-11-08,301008,21.95,21.79,22.25,21.3,45517,99257489.0,4.4,0.83,0.18,4.72
2024-11-11,301008,21.79,22.67,23.43,21.6,61819,139857221.0,8.4,4.04,0.88,6.4
2024-11-12,301008,22.41,21.68,22.87,21.38,52614,117548916.0,6.57,-4.37,-0.99,5.45
2024-11-13,301008,21.43,21.52,21.65,20.75,33865,72208132.0,4.15,-0.74,-0.16,3.51
2024-11-14,301008,21.4,20.87,21.58,20.81,20945,44374645.0,3.58,-3.02,-0.65,2.17
2024-11-15,301008,20.95,20.25,21.19,20.25,21281,44335054.0,4.5,-2.97,-0.62,2.2
2024-11-18,301008,20.26,19.67,20.47,19.46,22982,45935204.0,4.99,-2.86,-0.58,2.38
2024-11-19,301008,19.91,20.92,20.95,19.73,26181,53571074.0,6.2,6.35,1.25,2.71
2024-11-20,301008,20.93,20.94,21.05,20.75,17702,37200736.0,1.43,0.1,0.02,1.83
2024-11-21,301008,20.99,20.71,21.01,20.38,16573,34518088.0,3.01,-1.1,-0.23,1.72
2024-11-22,301008,20.6,19.57,20.83,19.51,19245,39127035.0,6.37,-5.5,-1.14,1.99
2024-11-25,301008,19.69,20.21,20.28,19.5,17156,34391934.0,3.99,3.27,0.64,1.78
2024-11-26,301008,20.29,19.55,20.3,19.3,21591,42768633.0,4.95,-3.27,-0.66,2.24
2024-11-27,301008,19.51,20.13,20.16,18.99,17852,35060117.0,5.98,2.97,0.58,1.85
2024-11-28,301008,19.99,20.08,20.46,19.93,12506,25350592.0,2.63,-0.25,-0.05,1.3
2024-11-29,301008,20.08,20.34,20.58,19.95,17393,35504282.0,3.14,1.29,0.26,1.8
2024-12-02,301008,20.45,20.7,20.88,20.29,13692,28344666.0,2.9,1.77,0.36,1.42
2024-12-03,301008,20.65,21.27,21.63,20.45,31317,66522790.0,5.7,2.75,0.57,3.24
2024-12-04,301008,21.63,21.38,22.37,21.15,53837,118153840.0,5.74,0.52,0.11,5.58
2024-12-05,301008,21.77,21.56,22.32,21.16,32083,69667932.0,5.43,0.84,0.18,3.32
2024-12-06,301008,21.52,21.23,21.57,20.91,24165,51364065.0,3.06,-1.53,-0.33,2.5
2024-12-09,301008,21.24,21.39,21.49,20.94,20814,44366338.0,2.59,0.75,0.16,2.16
2024-12-10,301008,22.18,21.23,22.18,21.22,26205,56796358.0,4.49,-0.75,-0.16,2.71
2024-12-11,301008,21.15,21.32,21.41,21.02,17438,37125166.0,1.84,0.42,0.09,1.81
2024-12-12,301008,21.32,22.17,22.37,21.18,43428,95656632.0,5.58,3.99,0.85,4.5
2024-12-13,301008,21.85,21.98,22.62,21.35,46374,102540865.0,5.73,-0.86,-0.19,4.8
2024-12-16,301008,21.91,21.26,22.45,21.12,33900,73905288.0,6.05,-3.28,-0.72,3.51
2024-12-17,301008,21.19,20.2,21.3,20.1,22337,46071757.0,5.64,-4.99,-1.06,2.31
2024-12-18,301008,20.28,20.29,20.55,19.65,11992,24424851.0,4.46,0.45,0.09,1.24
2024-12-19,301008,20.1,20.5,20.59,19.9,13456,27457280.0,3.4,1.03,0.21,1.39
2024-12-20,301008,20.38,21.0,21.17,20.38,17479,36729389.0,3.85,2.44,0.5,1.81
2024-12-23,301008,21.25,19.85,21.35,19.67,22451,45746923.0,8.0,-5.48,-1.15,2.33
2024-12-24,301008,19.84,19.95,20.15,19.5,13020,25916449.0,3.27,0.5,0.1,1.35
2024-12-25,301008,19.98,19.19,19.98,18.93,16309,31524772.0,5.26,-3.81,-0.76,1.69
2024-12-26,301008,19.19,19.35,19.59,19.17,8996,17567948.0,2.19,0.83,0.16,0.93
2024-12-27,301008,19.38,19.58,19.85,19.26,9085,17896486.0,3.05,1.19,0.23,0.94
2024-12-30,301008,19.38,19.36,19.51,18.81,8003,15472686.0,3.58,-1.12,-0.22,0.83
2024-12-31,301008,19.36,18.73,19.46,18.68,9314,17776079.0,4.03,-3.25,-0.63,0.96
2025-01-02,301008,18.57,18.34,19.05,18.22,11979,22420255.0,4.43,-2.08,-0.39,1.24
2025-01-03,301008,18.51,17.59,18.54,17.5,12728,23082210.0,5.67,-4.09,-0.75,1.31
2025-01-06,301008,17.5,17.49,17.84,16.67,8868,15537756.0,6.65,-0.57,-0.1,0.92
2025-01-07,301008,17.37,18.23,18.23,17.37,10641,19134584.0,4.92,4.23,0.74,1.1
2025-01-08,301008,18.25,18.32,18.47,17.62,9787,17828190.0,4.66,0.49,0.09,1.01
2025-01-09,301008,18.17,18.71,19.55,18.17,16132,30652664.0,7.53,2.13,0.39,1.67
2025-01-10,301008,18.71,18.07,19.05,17.92,14175,26484253.0,6.04,-3.42,-0.64,1.46
2025-01-13,301008,17.75,17.89,18.15,17.2,9222,16422088.0,5.26,-1.0,-0.18,0.95
2025-01-14,301008,18.06,18.94,18.95,17.55,11241,21066001.0,7.83,5.87,1.05,1.16
2025-01-15,301008,19.18,18.78,19.18,18.63,7123,13470250.0,2.9,-0.84,-0.16,0.74
2025-01-16,301008,18.93,18.88,19.27,18.66,11444,21830326.0,3.25,0.53,0.1,1.18
2025-01-17,301008,18.76,18.82,19.03,18.59,8785,16595716.0,2.33,-0.32,-0.06,0.91
2025-01-20,301008,19.33,19.24,19.43,18.96,12412,23969883.0,2.5,2.23,0.42,1.28
2025-01-21,301008,19.45,19.21,19.47,19.01,10245,19758660.0,2.39,-0.16,-0.03,1.06
2025-01-22,301008,19.25,19.06,19.25,18.9,7456,14253270.0,1.82,-0.78,-0.15,0.77
2025-01-23,301008,19.33,18.99,19.46,18.99,11457,22165296.0,2.47,-0.37,-0.07,1.18
2025-01-24,301008,18.99,19.38,19.52,18.92,14062,27184262.0,3.16,2.05,0.39,1.45
2025-01-27,301008,19.48,19.11,19.6,18.98,10350,20077760.0,3.2,-1.39,-0.27,1.07
2025-02-05,301008,19.32,19.55,19.7,19.1,9980,19500879.0,3.14,2.3,0.44,1.03
2025-02-06,301008,19.61,20.02,20.1,19.44,12253,24448285.0,3.38,2.4,0.47,1.27
2025-02-07,301008,20.02,19.93,20.28,19.75,14091,28365701.0,2.65,-0.45,-0.09,1.46
2025-02-10,301008,20.24,20.12,20.24,19.76,11110,22323681.0,2.41,0.95,0.19,1.15
2025-02-11,301008,20.12,19.99,20.22,19.91,9892,19897110.0,1.54,-0.65,-0.13,1.02
2025-02-12,301008,19.95,20.07,20.18,19.7,11998,24101945.0,2.4,0.4,0.08,1.24
2025-02-13,301008,20.05,19.63,20.14,19.58,13832,27568740.0,2.79,-2.19,-0.44,1.43
2025-02-14,301008,19.77,19.4,19.79,19.35,10559,20744626.0,2.24,-1.17,-0.23,1.09
2025-02-17,301008,19.42,19.81,19.9,19.42,13349,26422396.0,2.47,2.11,0.41,1.38
2025-02-18,301008,19.7,19.2,19.87,19.11,10321,20175769.0,3.84,-3.08,-0.61,1.07
2025-02-19,301008,19.6,20.11,20.51,19.33,28237,56975861.0,6.15,4.74,0.91,2.92
2025-02-20,301008,20.12,20.33,20.37,19.94,17572,35597522.0,2.14,1.09,0.22,1.81
2025-02-21,301008,20.35,20.32,20.4,20.0,14836,30151170.0,1.97,-0.05,-0.01,1.53
2025-02-24,301008,20.34,20.36,20.4,19.99,13572,27551239.0,2.02,0.2,0.04,1.4
2025-02-25,301008,20.1,20.8,21.2,20.06,27458,57148033.0,5.6,2.16,0.44,2.84
2025-02-26,301008,21.11,21.65,21.77,21.0,43725,94663340.0,3.7,4.09,0.85,4.52
2025-02-27,301008,21.9,23.35,23.4,21.9,98270,225743036.0,6.93,7.85,1.7,10.15
2025-02-28,301008,23.35,22.1,23.35,21.92,70106,158367525.0,6.12,-5.35,-1.25,7.24
2025-03-03,301008,22.4,21.36,22.5,21.11,37983,82943242.0,6.29,-3.35,-0.74,3.92
2025-03-04,301008,21.17,22.42,23.6,20.91,62272,140556625.0,12.59,4.96,1.06,6.43
2025-03-05,301008,22.55,23.7,24.24,22.27,87690,205976170.0,8.79,5.71,1.28,9.06
2025-03-06,301008,24.18,23.33,24.28,23.25,64200,152369894.0,4.35,-1.56,-0.37,6.63
2025-03-07,301008,22.97,22.82,23.32,22.49,44150,101448168.0,3.56,-2.19,-0.51,4.56
2025-03-10,301008,22.67,22.9,23.2,22.67,29627,68195745.0,2.32,0.35,0.08,3.06
2025-03-11,301008,22.78,22.72,23.56,22.31,36731,84317717.0,5.46,-0.79,-0.18,3.79
2025-03-12,301008,22.66,22.69,22.93,22.53,25982,59231562.0,1.76,-0.13,-0.03,2.68
2025-03-13,301008,22.79,22.51,23.28,22.03,30599,69408120.0,5.51,-0.79,-0.18,3.16
2025-03-14,301008,22.38,25.21,26.2,22.38,100598,245293471.0,16.97,11.99,2.7,10.39
2025-03-17,301008,24.95,25.83,26.37,24.43,84565,214707519.0,7.7,2.46,0.62,8.73
2025-03-18,301008,25.86,26.95,27.2,25.3,88746,234489525.0,7.36,4.34,1.12,9.17
2025-03-19,301008,26.68,25.68,29.16,25.3,119425,322189279.0,14.32,-4.71,-1.27,12.34
2025-03-20,301008,25.77,27.8,28.84,24.89,134502,358557454.0,15.38,8.26,2.12,13.89
2025-03-21,301008,26.92,25.83,27.78,25.82,89012,239094199.0,7.05,-7.09,-1.97,9.19
2025-03-24,301008,25.54,23.89,25.6,23.39,67203,164413608.0,8.56,-7.51,-1.94,6.94
2025-03-25,301008,24.07,23.96,25.06,23.69,46950,114403996.0,5.73,0.29,0.07,4.85
2025-03-26,301008,23.9,24.12,25.0,23.9,36987,90832692.0,4.59,0.67,0.16,3.82
2025-03-27,301008,23.99,23.42,24.67,23.3,35228,83894184.0,5.68,-2.9,-0.7,3.64
2025-03-28,301008,23.49,23.94,24.25,23.27,34499,82087616.0,4.18,2.22,0.52,3.54
2025-03-31,301008,23.21,22.75,23.4,21.93,42692,95902808.0,6.14,-4.97,-1.19,4.38
2025-04-01,301008,23.21,22.54,23.52,22.4,24890,56796186.0,4.92,-0.92,-0.21,2.55
2025-04-02,301008,22.46,22.85,23.31,22.46,26591,61379792.0,3.77,1.38,0.31,2.73
2025-04-03,301008,22.53,22.0,23.01,21.86,24702,55408516.0,5.03,-3.72,-0.85,2.53
2025-04-07,301008,20.02,17.58,20.79,17.58,37446,69992762.0,14.59,-20.09,-4.42,3.84
2025-04-08,301008,17.87,17.33,18.69,16.75,40520,71878781.0,11.04,-1.42,-0.25,4.16
2025-04-09,301008,16.98,18.0,18.14,15.55,36188,62310572.0,14.95,3.87,0.67,3.71
2025-04-10,301008,18.89,19.05,19.63,18.68,33537,64848974.0,5.28,5.83,1.05,3.44
2025-04-11,301008,18.9,19.4,19.67,18.89,18531,35943189.0,4.09,1.84,0.35,1.9
2025-04-14,301008,19.83,19.53,20.09,19.49,20159,40070048.0,3.09,0.67,0.13,2.07
2025-04-15,301008,19.53,19.64,19.75,19.31,16225,31873680.0,2.25,0.56,0.11,1.66
2025-04-16,301008,19.57,18.93,19.65,18.58,20863,39899468.0,5.45,-3.62,-0.71,2.14
2025-04-17,301008,18.96,19.31,19.63,18.78,18731,36367414.0,4.49,2.01,0.38,1.92
2025-04-18,301008,19.3,19.32,19.52,18.98,14067,27232174.0,2.8,0.05,0.01,1.44
2025-04-21,301008,19.47,20.0,20.13,19.1,22060,43778765.0,5.33,3.52,0.68,2.26
2025-04-22,301008,20.6,21.17,21.72,20.14,51252,108159126.0,7.9,5.85,1.17,5.26
2025-04-23,301008,21.39,22.05,22.58,21.18,40452,89645769.0,6.61,4.16,0.88,4.15
2025-04-24,301008,21.9,21.76,22.87,21.51,38914,86475429.0,6.17,-1.32,-0.29,3.99
2025-04-25,301008,22.28,21.64,22.47,21.26,29877,65057309.0,5.56,-0.55,-0.12,3.07
2025-04-28,301008,21.55,21.79,22.15,21.12,27021,58946289.0,4.76,0.69,0.15,2.77
2025-04-29,301008,21.81,22.85,23.3,21.5,40660,92672388.0,8.26,4.86,1.06,4.17
2025-04-30,301008,23.17,27.44,27.44,23.17,123597,320378402.0,18.69,20.09,4.59,12.67
2025-05-06,301008,27.9,28.1,28.89,25.82,198125,535169392.0,11.19,2.41,0.66,20.31
2025-05-07,301008,26.94,30.78,32.96,26.94,203113,608864998.0,21.42,9.54,2.68,20.62
2025-05-08,301008,29.37,30.75,31.93,28.5,160962,485631212.0,11.14,-0.1,-0.03,16.34
2025-05-09,301008,29.76,28.37,30.2,27.66,123507,356699041.0,8.26,-7.74,-2.38,12.54
2025-05-12,301008,28.09,29.66,29.8,27.98,108969,314001888.0,6.42,4.55,1.29,11.02
2025-05-13,301008,30.5,28.6,30.78,28.21,97621,285474814.0,8.66,-3.57,-1.06,9.88
2025-05-14,301008,28.07,28.6,31.78,28.07,105287,310353365.0,12.97,0.0,0.0,10.65
2025-05-15,301008,27.88,26.42,27.9,26.4,96022,258663130.0,5.24,-7.62,-2.18,9.71
2025-05-16,301008,26.25,27.03,27.4,26.25,76207,207031050.0,4.35,2.31,0.61,7.71
2025-05-19,301008,27.33,26.58,27.43,25.91,63157,166782647.0,5.62,-1.66,-0.45,6.39
2025-05-20,301008,26.58,27.43,27.89,26.03,76060,206608411.0,7.0,3.2,0.85,7.69
2025-05-21,301008,27.25,27.18,27.88,26.5,70674,192050469.0,5.03,-0.91,-0.25,7.15
2025-05-22,301008,26.91,26.16,27.35,26.16,56251,149846899.0,4.38,-3.75,-1.02,5.69
2025-05-23,301008,26.06,25.49,26.47,25.12,52740,136666514.0,5.16,-2.56,-0.67,5.34
2025-05-26,301008,25.3,25.45,25.67,25.08,34197,86890244.0,2.31,-0.16,-0.04,3.32
2025-05-27,301008,25.0,24.63,25.08,24.3,59307,146215908.0,3.06,-3.22,-0.82,5.76
2025-05-28,301008,24.54,24.26,24.71,23.98,42901,104259240.0,2.96,-1.5,-0.37,4.07
2025-05-29,301008,24.06,24.45,24.6,24.06,41473,101416715.0,2.23,0.78,0.19,3.94
2025-05-30,301008,24.31,23.22,24.31,23.14,60291,141736362.0,4.79,-5.03,-1.23,5.72
2025-06-03,301008,23.0,23.09,23.4,23.0,34404,79608841.0,1.72,-0.56,-0.13,3.22
2025-06-04,301008,23.14,23.22,23.39,23.03,41858,97132851.0,1.56,0.56,0.13,3.92
2025-06-05,301008,23.25,23.53,23.67,23.09,49511,116089651.0,2.5,1.34,0.31,4.63
2025-06-06,301008,23.53,23.27,23.56,23.11,38028,88476348.0,1.91,-1.1,-0.26,3.56
2025-06-09,301008,23.32,23.42,23.65,23.23,39368,92409388.0,1.8,0.64,0.15,3.62
2025-06-10,301008,23.46,22.65,23.53,22.37,52122,119025857.0,4.95,-3.29,-0.77,4.79
2025-06-11,301008,22.6,22.56,22.75,22.46,45902,103762086.0,1.28,-0.4,-0.09,3.98
2025-06-12,301008,22.43,22.6,22.97,22.33,61524,138899013.0,2.84,0.18,0.04,5.33
2025-06-13,301008,22.45,21.87,22.5,21.83,53193,117510839.0,2.96,-3.23,-0.73,4.61
2025-06-16,301008,21.89,22.23,22.36,21.86,34931,77441981.0,2.29,1.65,0.36,3.02
2025-06-17,301008,22.14,22.09,22.32,21.96,25853,57131557.0,1.62,-0.63,-0.14,2.23
2025-06-18,301008,22.03,21.91,22.11,21.74,24685,54026057.0,1.67,-0.81,-0.18,2.13
2025-06-19,301008,21.9,21.57,22.2,21.38,37125,80985135.0,3.74,-1.55,-0.34,3.2
2025-06-20,301008,21.46,21.2,21.76,21.11,30755,65638209.0,3.01,-1.72,-0.37,2.65
2025-06-23,301008,21.2,21.51,21.55,20.98,24633,52675319.0,2.69,1.46,0.31,2.13
2025-06-24,301008,21.7,22.4,22.42,21.58,55960,124317887.0,3.91,4.14,0.89,4.83
2025-06-25,301008,22.54,22.61,22.7,22.25,49604,111594388.0,2.01,0.94,0.21,4.28
2025-06-26,301008,22.6,22.58,22.99,22.53,54496,123899365.0,2.03,-0.13,-0.03,4.7
2025-06-27,301008,22.52,22.64,22.8,22.51,33838,76643404.0,1.28,0.27,0.06,2.92
2025-06-30,301008,22.66,22.92,22.98,22.61,33717,77059592.0,1.63,1.24,0.28,2.91
2025-07-01,301008,22.95,22.78,23.0,22.54,35313,80245774.0,2.01,-0.61,-0.14,3.05
2025-07-02,301008,22.75,22.55,22.8,22.36,26228,59064546.0,1.93,-1.01,-0.23,2.26
2025-07-03,301008,22.6,22.9,23.06,22.6,51347,117383154.0,2.04,1.55,0.35,4.43
2025-07-04,301008,22.91,22.54,22.91,22.45,32410,73277762.0,2.01,-1.57,-0.36,2.8
2025-07-07,301008,22.53,22.61,22.63,22.28,22295,50161976.0,1.55,0.31,0.07,1.92
2025-07-08,301008,22.7,22.89,22.9,22.54,30620,69746267.0,1.59,1.24,0.28,2.64
2025-07-09,301008,22.95,22.76,23.25,22.64,50997,117223159.0,2.66,-0.57,-0.13,4.4
2025-07-10,301008,22.7,22.57,22.8,22.42,32143,72564133.0,1.67,-0.83,-0.19,2.77
2025-07-11,301008,22.64,22.75,22.86,22.32,38801,87800149.0,2.39,0.8,0.18,3.35
2025-07-14,301008,22.85,23.49,23.66,22.69,70553,164227829.0,4.26,3.25,0.74,6.09
2025-07-15,301008,23.31,22.82,23.31,22.45,68228,155535752.0,3.66,-2.85,-0.67,5.89
2025-07-16,301008,22.84,22.99,23.24,22.71,44908,103327331.0,2.32,0.74,0.17,3.88
2025-07-17,301008,22.86,23.13,23.27,22.77,36426,84140350.0,2.17,0.61,0.14,3.14
2025-07-18,301008,23.3,23.0,23.35,22.78,35439,81454129.0,2.46,-0.56,-0.13,3.06
2025-07-21,301008,23.12,23.61,23.63,23.04,51995,121635834.0,2.57,2.65,0.61,4.49
2025-07-22,301008,23.49,23.32,23.66,23.13,45145,105269155.0,2.24,-1.23,-0.29,3.9
2025-07-23,301008,23.31,22.93,23.31,22.87,34371,79086808.0,1.89,-1.67,-0.39,2.97
2025-07-24,301008,22.52,22.6,22.78,22.43,48615,109775620.0,1.53,-1.44,-0.33,4.2
2025-07-25,301008,22.63,22.86,22.96,22.47,38764,87999192.0,2.17,1.15,0.26,3.35
2025-07-28,301008,22.92,23.88,24.66,22.92,100861,240068524.0,7.61,4.46,1.02,8.71
2025-07-29,301008,23.87,23.78,23.93,23.53,48260,114351575.0,1.68,-0.42,-0.1,4.17
2025-07-30,301008,23.8,23.52,24.29,23.28,49035,116418594.0,4.25,-1.09,-0.26,4.23
2025-07-31,301008,23.35,23.07,23.76,23.07,39110,91363081.0,2.93,-1.91,-0.45,3.38
2025-08-01,301008,23.13,23.34,23.82,22.88,50765,118168976.0,4.07,1.17,0.27,4.38
2025-08-04,301008,23.17,23.89,23.9,23.05,47189,111416156.0,3.64,2.36,0.55,4.07
2025-08-05,301008,23.86,24.7,24.7,23.81,81664,198777788.0,3.73,3.39,0.81,7.05
2025-08-06,301008,24.67,24.98,25.0,24.35,65952,163387681.0,2.63,1.13,0.28,5.69
2025-08-07,301008,24.88,24.52,25.0,24.46,47778,117654461.0,2.16,-1.84,-0.46,4.12
2025-08-08,301008,24.61,24.76,25.22,24.2,69653,172061973.0,4.16,0.98,0.24,6.01
2025-08-11,301008,24.86,25.3,25.35,24.7,67192,168708820.0,2.63,2.18,0.54,5.8
2025-08-12,301008,25.3,24.64,25.33,24.59,50918,126296763.0,2.92,-2.61,-0.66,4.4
2025-08-13,301008,24.65,24.5,24.93,24.47,48104,118651704.0,1.87,-0.57,-0.14,4.15
2025-08-14,301008,24.56,24.03,24.85,23.86,41941,101324372.0,4.04,-1.92,-0.47,3.62
2025-08-15,301008,23.97,24.36,24.41,23.86,32038,77777072.0,2.29,1.37,0.33,2.77
2025-08-18,301008,24.46,25.46,25.85,24.32,86053,217298413.0,6.28,4.52,1.1,7.43
2025-08-19,301008,25.4,25.53,25.6,24.9,60292,152170814.0,2.75,0.27,0.07,5.2
2025-08-20,301008,25.4,30.64,30.64,25.22,198247,555643474.0,21.23,20.02,5.11,17.11
2025-08-21,301008,30.64,28.67,31.0,28.45,226678,661986592.0,8.32,-6.43,-1.97,19.57
2025-08-22,301008,28.39,28.6,28.79,28.05,120958,342571760.0,2.58,-0.24,-0.07,10.44
2025-08-25,301008,28.32,30.85,31.5,28.29,210813,635849628.0,11.22,7.87,2.25,18.2
2025-08-26,301008,30.07,32.36,34.11,30.07,193627,629480051.0,13.1,4.89,1.51,16.71
2025-08-27,301008,32.36,33.2,36.56,32.36,206361,712050106.0,12.98,2.6,0.84,17.81
2025-08-28,301008,34.47,32.31,35.01,31.4,160297,525902947.0,10.87,-2.68,-0.89,13.84
2025-08-29,301008,32.6,31.91,32.79,30.38,122108,383208386.0,7.46,-1.24,-0.4,10.54
2025-09-01,301008,31.8,32.31,33.86,31.02,148428,482047601.0,8.9,1.25,0.4,12.81
2025-09-02,301008,31.89,35.29,36.98,29.52,234182,772855322.0,23.09,9.22,2.98,20.22
2025-09-03,301008,35.12,34.5,36.8,33.18,167389,585369871.0,10.26,-2.24,-0.79,14.45
2025-09-04,301008,34.31,34.63,36.28,33.6,140388,489025548.0,7.77,0.38,0.13,12.12
2025-09-05,301008,34.21,35.09,35.09,32.23,122937,418553609.0,8.26,1.33,0.46,10.61
2025-09-08,301008,34.59,36.51,36.63,33.05,176268,616061626.0,10.2,4.05,1.42,15.22
2025-09-09,301008,35.61,33.58,35.7,33.5,117704,407683908.0,6.03,-8.03,-2.93,10.16
2025-09-10,301008,33.01,31.76,33.4,31.66,102925,332114910.0,5.18,-5.42,-1.82,8.88
2025-09-11,301008,32.07,33.5,33.95,30.97,107189,345916534.0,9.38,5.48,1.74,9.25
2025-09-12,301008,33.89,32.1,34.88,32.05,83053,271615713.0,8.45,-4.18,-1.4,7.17
2025-09-15,301008,32.37,31.8,33.17,31.64,76296,246141027.0,4.77,-0.93,-0.3,6.59
2025-09-16,301008,31.86,38.16,38.16,31.86,188693,666444900.0,19.81,20.0,6.36,16.29
2025-09-17,301008,40.52,41.95,44.5,39.06,258625,1066197994.0,14.26,9.93,3.79,22.33
2025-09-18,301008,43.72,43.89,47.85,42.29,259552,1166745025.0,13.25,4.62,1.94,22.41
2025-09-19,301008,41.37,43.0,43.64,39.78,185837,777339545.0,8.79,-2.03,-0.89,16.04
2025-09-22,301008,43.5,48.5,49.79,42.14,230732,1042286729.0,17.79,12.79,5.5,19.92
2025-09-23,301008,46.51,52.46,55.05,46.51,207109,1063862166.0,17.61,8.16,3.96,17.88
2025-09-24,301008,51.41,49.45,51.74,47.61,207998,1019733628.0,7.87,-5.74,-3.01,17.96
2025-09-25,301008,48.5,45.95,49.34,45.61,185731,874020002.0,7.54,-7.08,-3.5,16.03
2025-09-26,301008,45.42,44.83,46.3,44.66,115633,524019144.0,3.57,-2.44,-1.12,9.98
2025-09-29,301008,44.93,44.74,45.9,44.0,97871,440187088.0,4.24,-0.2,-0.09,8.45
2025-09-30,301008,44.45,43.46,44.7,43.12,93767,410612522.0,3.53,-2.86,-1.28,8.09
2025-10-09,301008,43.88,42.86,43.96,42.69,81809,354157465.0,2.92,-1.38,-0.6,7.06
2025-10-10,301008,43.18,41.95,43.68,41.59,74038,314754922.0,4.88,-2.12,-0.91,6.39
2025-10-13,301008,38.6,40.98,41.29,38.12,58942,237381539.0,7.56,-2.31,-0.97,5.09
2025-10-14,301008,40.8,38.1,41.36,37.72,79325,312026951.0,8.88,-7.03,-2.88,6.85
2025-10-15,301008,38.48,40.99,40.99,37.77,91619,363726564.0,8.45,7.59,2.89,7.91
2025-10-16,301008,40.03,39.84,41.19,39.42,51714,207283511.0,4.32,-2.81,-1.15,4.46
2025-10-17,301008,39.6,37.95,39.9,37.81,47673,183691927.0,5.25,-4.74,-1.89,4.12
2025-10-20,301008,38.52,40.58,40.58,38.0,78018,311413447.0,6.8,6.93,2.63,6.73
2025-10-21,301008,40.08,39.2,40.49,38.8,75424,296443434.0,4.16,-3.4,-1.38,6.51
2025-10-22,301008,39.0,38.88,40.76,38.38,81613,321966219.0,6.07,-0.82,-0.32,7.05
2025-10-23,301008,38.66,39.15,40.05,37.6,58634,225672443.0,6.3,0.69,0.27,5.06
2025-10-24,301008,38.91,39.41,40.42,38.85,62723,247443160.0,4.01,0.66,0.26,5.41
2025-10-27,301008,40.03,39.93,40.5,39.03,49930,198789153.0,3.73,1.32,0.52,4.31
2025-10-28,301008,39.9,40.37,41.24,39.5,61363,248124692.0,4.36,1.1,0.44,5.3
2025-10-29,301008,40.0,40.81,40.96,39.9,41446,167708467.0,2.63,1.09,0.44,3.58
2025-10-30,301008,41.02,40.12,42.81,39.73,91701,376135934.0,7.55,-1.69,-0.69,7.92
2025-10-31,301008,39.62,41.92,42.77,39.62,94185,395787317.0,7.85,4.49,1.8,8.13
2025-11-03,301008,42.09,43.12,43.49,41.15,87139,370821487.0,5.58,2.86,1.2,7.52
2025-11-04,301008,43.1,41.98,43.77,41.01,67293,283068387.0,6.4,-2.64,-1.14,5.81
2025-11-05,301008,41.29,43.12,44.3,40.81,71139,303563233.0,8.31,2.72,1.14,6.14
2025-11-06,301008,42.53,41.59,42.93,41.11,72012,299983178.0,4.22,-3.55,-1.53,6.22
2025-11-07,301008,41.01,38.95,41.41,38.6,68172,268169850.0,6.76,-6.35,-2.64,5.88
2025-11-10,301008,39.4,38.55,39.41,38.21,34055,132191480.0,3.08,-1.03,-0.4,2.94
2025-11-11,301008,38.56,37.55,38.88,37.37,43751,165688480.0,3.92,-2.59,-1.0,3.78
2025-11-12,301008,37.35,36.36,37.83,35.8,56265,205662251.0,5.41,-3.17,-1.19,4.86
2025-11-13,301008,36.55,38.43,38.97,36.28,61050,233215032.0,7.4,5.69,2.07,5.27
2025-11-14,301008,37.8,37.82,38.3,37.28,24803,93924918.0,2.65,-1.59,-0.61,2.14
2025-11-17,301008,38.02,38.6,39.37,38.0,33056,128293689.0,3.62,2.06,0.78,2.85
2025-11-18,301008,38.61,37.93,38.71,37.47,24761,93935520.0,3.21,-1.74,-0.67,2.14
2025-11-19,301008,37.88,36.84,38.01,36.5,20891,77526765.0,3.98,-2.87,-1.09,1.8
2025-11-20,301008,37.0,37.24,37.98,36.71,20273,75469053.0,3.45,1.09,0.4,1.75
2025-11-21,301008,37.12,35.87,37.54,35.55,25061,91171079.0,5.34,-3.68,-1.37,2.16
2025-11-24,301008,35.87,36.36,36.86,35.4,24578,89490070.0,4.07,1.37,0.49,2.12
2025-11-25,301008,36.7,36.5,37.2,36.3,19296,70892761.0,2.48,0.39,0.14,1.67
2025-11-26,301008,36.59,36.87,37.98,35.9,30033,111498423.0,5.7,1.01,0.37,2.59
2025-11-27,301008,36.63,36.0,37.29,35.42,31625,114923201.0,5.07,-2.36,-0.87,2.73
2025-11-28,301008,36.3,36.91,37.45,35.8,29999,110402523.0,4.58,2.53,0.91,2.59
2025-12-01,301008,36.68,37.06,37.13,36.42,34179,125559084.0,1.92,0.41,0.15,2.95
2025-12-02,301008,36.72,35.66,36.77,35.58,30612,110250233.0,3.21,-3.78,-1.4,2.64
2025-12-03,301008,35.66,34.55,35.98,34.05,40087,138867309.0,5.41,-3.11,-1.11,3.46
2025-12-04,301008,35.0,34.67,35.51,34.05,31750,110413736.0,4.23,0.35,0.12,2.74
2025-12-05,301008,34.5,35.09,35.27,34.14,29354,102376136.0,3.26,1.21,0.42,2.53
2025-12-08,301008,35.1,35.4,35.73,34.87,26996,95357493.0,2.45,0.88,0.31,2.33
2025-12-09,301008,35.28,34.94,35.68,34.85,16899,59553223.0,2.34,-1.3,-0.46,1.46
2025-12-10,301008,34.95,34.37,35.0,34.3,18296,63038576.0,2.0,-1.63,-0.57,1.58
2025-12-11,301008,34.38,33.33,34.61,33.33,22396,75562578.0,3.72,-3.03,-1.04,1.93
2025-12-12,301008,33.42,33.81,34.25,33.26,25422,85931653.0,2.97,1.44,0.48,2.19
2025-12-15,301008,33.81,33.41,34.15,33.27,19581,66012309.0,2.6,-1.18,-0.4,1.69
2025-12-16,301008,33.4,32.6,33.66,32.3,19594,63963444.0,4.07,-2.42,-0.81,1.69
2025-12-17,301008,32.43,32.91,32.98,31.82,21501,69687077.0,3.56,0.95,0.31,1.86
2025-12-18,301008,32.62,33.5,35.17,32.62,41066,140287667.0,7.75,1.79,0.59,3.54
2025-12-19,301008,33.58,33.9,34.4,33.58,20408,69405526.0,2.45,1.19,0.4,1.76
2025-12-22,301008,33.9,34.4,34.95,33.71,21630,74660434.0,3.66,1.47,0.5,1.87
2025-12-23,301008,34.37,34.37,34.64,33.8,17796,60656239.0,2.44,-0.09,-0.03,1.54
2025-12-24,301008,34.3,34.29,34.7,33.95,18494,63512102.0,2.18,-0.23,-0.08,1.6
2025-12-25,301008,34.58,34.5,34.65,33.87,32839,112661850.0,2.27,0.61,0.21,2.83
2025-12-26,301008,34.43,34.78,35.35,34.2,32346,112390801.0,3.33,0.81,0.28,2.79
2025-12-29,301008,35.33,35.03,35.65,34.63,37315,130969465.0,2.93,0.72,0.25,3.22
2025-12-30,301008,34.88,35.83,36.0,34.62,54581,193722919.0,3.94,2.28,0.8,4.71
2025-12-31,301008,36.0,34.5,36.0,34.49,53571,186601108.0,4.21,-3.71,-1.33,4.62
2026-01-05,301008,34.38,34.37,34.66,33.86,34130,117096762.0,2.32,-0.38,-0.13,2.95
2026-01-06,301008,34.37,34.49,35.2,34.26,33459,115857514.0,2.73,0.35,0.12,2.89
2026-01-07,301008,34.49,34.0,34.66,33.88,30486,104288077.0,2.26,-1.42,-0.49,2.63
2026-01-08,301008,34.0,34.98,35.18,33.73,38578,133952510.0,4.26,2.88,0.98,3.33
2026-01-09,301008,34.97,36.82,37.36,34.75,72162,262573119.0,7.46,5.26,1.84,6.23
2026-01-12,301008,36.8,37.08,37.15,36.31,57896,212582325.0,2.28,0.71,0.26,5.0
2026-01-13,301008,37.25,37.12,39.06,36.61,82003,310527028.0,6.61,0.11,0.04,7.08
2026-01-14,301008,37.13,36.96,37.42,36.14,59280,218352710.0,3.45,-0.43,-0.16,5.12
2026-01-15,301008,36.61,36.12,37.07,35.93,33635,122253994.0,3.08,-2.27,-0.84,2.9
2026-01-16,301008,36.5,36.9,37.95,36.4,59756,222003609.0,4.29,2.16,0.78,5.16
2026-01-19,301008,37.03,38.01,38.25,36.96,47213,178093829.0,3.5,3.01,1.11,4.08
2026-01-20,301008,38.01,36.58,38.6,36.23,44333,164343904.0,6.24,-3.76,-1.43,3.83
2026-01-21,301008,36.36,37.43,37.84,36.05,30457,112947506.0,4.89,2.32,0.85,2.63
2026-01-22,301008,37.5,37.27,37.57,36.75,27143,100548544.0,2.19,-0.43,-0.16,2.34
2026-01-23,301008,38.58,38.25,38.6,37.22,60601,230950678.0,3.7,2.63,0.98,5.23
2026-01-26,301008,38.8,36.71,39.44,36.5,61841,231273157.0,7.69,-4.03,-1.54,5.34
2026-01-27,301008,36.34,36.7,37.68,34.98,50318,181640179.0,7.35,-0.03,-0.01,4.34
2026-01-28,301008,36.7,36.0,36.7,35.35,32887,118135638.0,3.68,-1.91,-0.7,2.84
2026-01-29,301008,35.29,34.89,36.07,34.74,33461,118173757.0,3.69,-3.08,-1.11,2.89
2026-01-30,301008,34.5,35.26,35.28,33.6,28198,97124939.0,4.82,1.06,0.37,2.43
2026-02-02,301008,34.81,35.6,36.5,34.81,35549,127366394.0,4.79,0.96,0.34,3.07
2026-02-03,301008,35.81,36.15,36.5,35.16,21971,79275896.0,3.76,1.54,0.55,1.9
2026-02-04,301008,36.2,35.61,36.49,35.4,19676,70564446.0,3.02,-1.49,-0.54,1.7
2026-02-05,301008,37.07,34.5,37.07,34.4,45228,160835140.0,7.5,-3.12,-1.11,3.9
2026-02-06,301008,33.73,34.58,35.94,33.53,24241,83737462.0,6.99,0.23,0.08,2.09
2026-02-09,301008,34.75,34.6,34.93,34.23,19321,66680918.0,2.02,0.06,0.02,1.67
2026-02-10,301008,34.87,36.45,36.65,34.57,54561,196769688.0,6.01,5.35,1.85,4.71
2026-02-11,301008,36.05,34.95,36.15,34.82,34980,123539651.0,3.65,-4.12,-1.5,3.02
2026-02-12,301008,34.9,35.26,35.6,34.6,18288,64491754.0,2.86,0.89,0.31,1.58
2026-02-13,301008,35.12,37.24,37.5,34.89,60593,223237092.74,7.4,5.62,1.98,5.23
