日期,股票代码,开盘,收盘,最高,最低,成交量,成交额,振幅,涨跌幅,涨跌额,换手率
2023-02-23,600909,4.68,4.68,4.73,4.66,377885,190253577.0,1.5,0.21,0.01,0.8
2023-02-24,600909,4.68,4.63,4.7,4.62,210663,105055910.0,1.71,-1.07,-0.05,0.45
2023-02-27,600909,4.61,4.57,4.63,4.56,228321,112579695.0,1.51,-1.3,-0.06,0.49
2023-02-28,600909,4.57,4.6,4.61,4.54,230362,113344637.0,1.53,0.66,0.03,0.49
2023-03-01,600909,4.58,4.65,4.65,4.57,299072,148418434.0,1.74,1.09,0.05,0.64
2023-03-02,600909,4.64,4.64,4.66,4.62,195651,97374220.0,0.86,-0.22,-0.01,0.42
2023-03-03,600909,4.64,4.65,4.67,4.61,293803,146388436.0,1.29,0.22,0.01,0.63
2023-03-06,600909,4.65,4.6,4.67,4.59,328598,163252390.0,1.72,-1.08,-0.05,0.7
2023-03-07,600909,4.59,4.52,4.63,4.52,353419,173863648.0,2.39,-1.74,-0.08,0.75
2023-03-08,600909,4.5,4.51,4.52,4.48,227778,110236005.0,0.88,-0.22,-0.01,0.48
2023-03-09,600909,4.52,4.5,4.53,4.49,180396,87519344.0,0.89,-0.22,-0.01,0.38
2023-03-10,600909,4.48,4.43,4.49,4.42,244050,116818967.0,1.56,-1.56,-0.07,0.52
2023-03-13,600909,4.42,4.44,4.45,4.38,194794,92677220.0,1.58,0.23,0.01,0.41
2023-03-14,600909,4.45,4.39,4.45,4.34,231888,109724066.0,2.48,-1.13,-0.05,0.49
2023-03-15,600909,4.43,4.44,4.46,4.42,155400,74329425.0,0.91,1.14,0.05,0.33
2023-03-16,600909,4.42,4.4,4.46,4.39,174733,83233457.0,1.58,-0.9,-0.04,0.37
2023-03-17,600909,4.43,4.5,4.52,4.43,275076,132776957.0,2.05,2.27,0.1,0.59
2023-03-20,600909,4.51,4.46,4.53,4.44,226614,109418112.0,2.0,-0.89,-0.04,0.48
2023-03-21,600909,4.47,4.48,4.5,4.45,167281,80577810.0,1.12,0.45,0.02,0.36
2023-03-22,600909,4.49,4.49,4.51,4.47,179385,86645410.0,0.89,0.22,0.01,0.38
2023-03-23,600909,4.49,4.55,4.56,4.46,268723,130727646.0,2.23,1.34,0.06,0.57
2023-03-24,600909,4.56,4.56,4.58,4.52,209631,102657709.0,1.32,0.22,0.01,0.45
2023-03-27,600909,4.54,4.56,4.58,4.5,225759,110315621.0,1.75,0.0,0.0,0.48
2023-03-28,600909,4.57,4.52,4.58,4.51,196684,95773701.0,1.54,-0.88,-0.04,0.42
2023-03-29,600909,4.53,4.48,4.53,4.46,204559,98721065.0,1.55,-0.88,-0.04,0.44
2023-03-30,600909,4.47,4.48,4.52,4.39,250610,120087126.0,2.9,0.0,0.0,0.53
2023-03-31,600909,4.51,4.48,4.51,4.46,149233,71942887.0,1.12,0.0,0.0,0.32
2023-04-03,600909,4.48,4.61,4.63,4.47,464730,228376851.0,3.57,2.9,0.13,0.99
2023-04-04,600909,4.64,4.63,4.65,4.59,359192,178207698.0,1.3,0.43,0.02,0.76
2023-04-06,600909,4.62,4.6,4.64,4.58,228021,112852489.0,1.3,-0.65,-0.03,0.49
2023-04-07,600909,4.61,4.63,4.65,4.59,238400,118274441.0,1.3,0.65,0.03,0.51
2023-04-10,600909,4.66,4.6,4.67,4.59,271380,134744940.0,1.73,-0.65,-0.03,0.58
2023-04-11,600909,4.62,4.64,4.68,4.61,360617,179825171.0,1.52,0.87,0.04,0.77
2023-04-12,600909,4.64,4.64,4.67,4.61,234377,116683565.0,1.29,0.0,0.0,0.5
2023-04-13,600909,4.63,4.58,4.64,4.57,245221,121239574.0,1.51,-1.29,-0.06,0.52
2023-04-14,600909,4.59,4.58,4.62,4.55,253485,124635421.0,1.53,0.0,0.0,0.54
2023-04-17,600909,4.58,4.68,4.69,4.58,506968,253450972.0,2.4,2.18,0.1,1.08
2023-04-18,600909,4.68,4.66,4.71,4.65,349589,175324025.0,1.28,-0.43,-0.02,0.74
2023-04-19,600909,4.67,4.6,4.67,4.59,280347,139307445.0,1.72,-1.29,-0.06,0.6
2023-04-20,600909,4.6,4.58,4.61,4.52,349738,171357996.0,1.96,-0.43,-0.02,0.74
2023-04-21,600909,4.59,4.38,4.59,4.37,453131,217851243.0,4.8,-4.37,-0.2,0.96
2023-04-24,600909,4.51,4.46,4.58,4.44,787297,382480197.0,3.2,1.83,0.08,1.68
2023-04-25,600909,4.46,4.47,4.49,4.38,459204,219584148.0,2.47,0.22,0.01,0.98
2023-04-26,600909,4.45,4.47,4.48,4.4,302845,144870757.0,1.79,0.0,0.0,0.64
2023-04-27,600909,4.45,4.48,4.51,4.44,243810,117429678.0,1.57,0.22,0.01,0.52
2023-04-28,600909,4.51,4.65,4.68,4.5,611987,303901971.0,4.02,3.79,0.17,1.3
2023-05-04,600909,4.59,4.71,4.72,4.58,562520,283230500.0,3.01,1.29,0.06,1.2
2023-05-05,600909,4.69,4.73,4.81,4.68,570325,290558154.0,2.76,0.42,0.02,1.21
2023-05-08,600909,4.73,4.8,4.83,4.69,623985,319043078.0,2.96,1.48,0.07,1.33
2023-05-09,600909,4.81,4.81,4.97,4.79,1125022,587885722.0,3.75,0.21,0.01,2.39
2023-05-10,600909,4.79,4.75,4.84,4.71,514085,262142338.0,2.7,-1.25,-0.06,1.09
2023-05-11,600909,4.74,4.74,4.79,4.73,258696,131880507.0,1.26,-0.21,-0.01,0.55
2023-05-12,600909,4.73,4.7,4.78,4.69,233129,118154494.0,1.9,-0.84,-0.04,0.5
2023-05-15,600909,4.7,4.77,4.78,4.62,394538,198443899.0,3.4,1.49,0.07,0.84
2023-05-16,600909,4.76,4.71,4.8,4.69,304507,154316114.0,2.31,-1.26,-0.06,0.65
2023-05-17,600909,4.7,4.69,4.73,4.66,213209,107260810.0,1.49,-0.42,-0.02,0.45
2023-05-18,600909,4.7,4.68,4.74,4.67,239704,120789184.0,1.49,-0.21,-0.01,0.51
2023-05-19,600909,4.69,4.62,4.69,4.62,233973,116661185.0,1.5,-1.28,-0.06,0.5
2023-05-22,600909,4.62,4.61,4.64,4.59,240610,119035448.0,1.08,-0.22,-0.01,0.51
2023-05-23,600909,4.6,4.56,4.67,4.56,322054,159697454.0,2.39,-1.08,-0.05,0.69
2023-05-24,600909,4.58,4.51,4.58,4.51,273362,133498266.0,1.54,-1.1,-0.05,0.58
2023-05-25,600909,4.49,4.53,4.54,4.47,231098,112028813.0,1.55,0.44,0.02,0.49
2023-05-26,600909,4.52,4.53,4.55,4.49,193114,93878595.0,1.32,0.0,0.0,0.41
2023-05-29,600909,4.54,4.52,4.59,4.51,219437,107207266.0,1.77,-0.22,-0.01,0.47
2023-05-30,600909,4.52,4.57,4.58,4.5,198152,96670346.0,1.77,1.11,0.05,0.42
2023-05-31,600909,4.55,4.56,4.58,4.52,167680,81948548.0,1.31,-0.22,-0.01,0.36
2023-06-01,600909,4.56,4.53,4.59,4.52,219171,107139623.0,1.54,-0.66,-0.03,0.47
2023-06-02,600909,4.53,4.53,4.56,4.52,209689,102210353.0,0.88,0.0,0.0,0.45
2023-06-05,600909,4.54,4.52,4.54,4.5,172620,83852451.0,0.88,-0.22,-0.01,0.37
2023-06-06,600909,4.51,4.44,4.55,4.44,234986,113514446.0,2.43,-1.77,-0.08,0.5
2023-06-07,600909,4.46,4.47,4.5,4.44,171458,82391597.0,1.35,0.68,0.03,0.36
2023-06-08,600909,4.47,4.53,4.54,4.45,208683,101037019.0,2.01,1.34,0.06,0.44
2023-06-09,600909,4.53,4.51,4.53,4.48,149339,72378499.0,1.1,-0.44,-0.02,0.32
2023-06-12,600909,4.51,4.47,4.51,4.47,184685,89083492.0,0.89,-0.89,-0.04,0.39
2023-06-13,600909,4.47,4.47,4.49,4.45,140761,67695142.0,0.89,0.0,0.0,0.3
2023-06-14,600909,4.48,4.46,4.52,4.45,188158,90746149.0,1.57,-0.22,-0.01,0.4
2023-06-15,600909,4.47,4.52,4.53,4.46,219629,106243771.0,1.57,1.35,0.06,0.47
2023-06-16,600909,4.53,4.52,4.54,4.5,186311,90571630.0,0.88,0.0,0.0,0.4
2023-06-19,600909,4.52,4.51,4.54,4.49,185040,89785849.0,1.11,-0.22,-0.01,0.39
2023-06-20,600909,4.5,4.48,4.51,4.47,138427,66851611.0,0.89,-0.67,-0.03,0.29
2023-06-21,600909,4.47,4.39,4.48,4.39,225009,107437683.0,2.01,-2.01,-0.09,0.48
2023-06-26,600909,4.37,4.28,4.38,4.28,265859,123876486.0,2.28,-2.51,-0.11,0.57
2023-06-27,600909,4.3,4.32,4.35,4.29,144839,67567156.0,1.4,0.93,0.04,0.31
2023-06-28,600909,4.33,4.35,4.37,4.29,183293,85708630.0,1.85,0.69,0.03,0.39
2023-06-29,600909,4.38,4.35,4.39,4.34,133344,61404948.0,1.15,0.0,0.0,0.28
2023-06-30,600909,4.35,4.43,4.44,4.35,139483,64889805.0,2.07,1.84,0.08,0.3
2023-07-03,600909,4.43,4.47,4.49,4.41,181244,85201942.0,1.81,0.9,0.04,0.39
2023-07-04,600909,4.47,4.45,4.48,4.42,128443,60282891.0,1.34,-0.45,-0.02,0.27
2023-07-05,600909,4.44,4.43,4.46,4.42,108509,50784149.0,0.9,-0.45,-0.02,0.23
2023-07-06,600909,4.41,4.42,4.45,4.41,108219,50517595.0,0.9,-0.23,-0.01,0.23
2023-07-07,600909,4.41,4.48,4.5,4.4,154672,72655982.0,2.26,1.36,0.06,0.33
2023-07-10,600909,4.49,4.5,4.51,4.47,152531,72182747.0,0.89,0.45,0.02,0.32
2023-07-11,600909,4.5,4.51,4.53,4.48,142295,67449516.0,1.11,0.22,0.01,0.3
2023-07-12,600909,4.51,4.45,4.52,4.44,126964,59952800.0,1.77,-1.33,-0.06,0.27
2023-07-13,600909,4.47,4.51,4.53,4.47,159824,75905390.0,1.35,1.35,0.06,0.34
2023-07-14,600909,4.51,4.51,4.53,4.49,141205,67072830.0,0.89,0.0,0.0,0.3
2023-07-17,600909,4.5,4.51,4.52,4.47,138223,65420262.0,1.11,0.0,0.0,0.29
2023-07-18,600909,4.51,4.51,4.54,4.48,135034,64204205.0,1.33,0.0,0.0,0.29
2023-07-19,600909,4.5,4.55,4.56,4.5,204703,97830642.0,1.33,0.89,0.04,0.44
2023-07-20,600909,4.56,4.53,4.58,4.51,183554,87885170.0,1.54,-0.44,-0.02,0.39
2023-07-21,600909,4.53,4.55,4.56,4.51,126726,60537348.0,1.1,0.44,0.02,0.27
2023-07-24,600909,4.54,4.55,4.56,4.51,145151,69371893.0,1.1,0.0,0.0,0.31
2023-07-25,600909,4.68,4.73,4.75,4.63,724690,357200289.0,2.64,3.96,0.18,1.54
2023-07-26,600909,4.71,4.74,4.76,4.69,386860,191926740.0,1.48,0.21,0.01,0.82
2023-07-27,600909,4.74,4.73,4.79,4.7,352765,175875677.0,1.9,-0.21,-0.01,0.75
2023-07-28,600909,4.72,5.12,5.15,4.71,1708172,892269133.0,9.3,8.25,0.39,3.64
2023-07-31,600909,5.22,5.27,5.51,5.18,2426070,1352596907.0,6.45,2.93,0.15,5.16
2023-08-01,600909,5.2,5.26,5.39,5.15,1627161,898773422.0,4.55,-0.19,-0.01,3.46
2023-08-02,600909,5.22,5.35,5.56,5.18,2175173,1225539475.0,7.22,1.71,0.09,4.63
2023-08-03,600909,5.44,5.51,5.54,5.25,2041928,1153459712.0,5.42,2.99,0.16,4.35
2023-08-04,600909,5.62,5.59,5.79,5.46,3271215,1914706318.0,5.99,1.45,0.08,6.96
2023-08-07,600909,5.42,5.56,5.57,5.39,1346791,773534887.0,3.22,-0.54,-0.03,2.87
2023-08-08,600909,5.51,5.48,5.54,5.32,1256025,715230803.0,3.96,-1.44,-0.08,2.67
2023-08-09,600909,5.44,5.39,5.48,5.36,781697,441751440.0,2.19,-1.64,-0.09,1.66
2023-08-10,600909,5.41,5.46,5.47,5.37,860386,487219012.0,1.86,1.3,0.07,1.83
2023-08-11,600909,5.43,5.28,5.43,5.25,1037627,577607655.0,3.3,-3.3,-0.18,2.21
2023-08-14,600909,5.16,5.2,5.26,5.1,752965,408906142.0,3.03,-1.52,-0.08,1.6
2023-08-15,600909,5.19,5.21,5.24,5.11,592692,321115375.0,2.5,0.19,0.01,1.26
2023-08-16,600909,5.2,5.4,5.62,5.08,3156298,1800973190.0,10.36,3.65,0.19,6.72
2023-08-17,600909,5.37,5.36,5.41,5.25,1989123,1107405682.0,2.96,-0.74,-0.04,4.23
2023-08-18,600909,5.39,5.16,5.4,5.14,1156569,634477449.0,4.85,-3.73,-0.2,2.46
2023-08-21,600909,5.09,5.0,5.22,4.97,986777,525350186.0,4.84,-3.1,-0.16,2.1
2023-08-22,600909,5.05,5.04,5.08,4.96,780066,410646426.0,2.4,0.8,0.04,1.66
2023-08-23,600909,5.01,4.9,5.03,4.88,626085,324392927.0,2.98,-2.78,-0.14,1.33
2023-08-24,600909,4.91,4.92,5.01,4.88,554646,287429235.0,2.65,0.41,0.02,1.18
2023-08-25,600909,4.91,4.93,5.0,4.9,519103,269190886.0,2.03,0.2,0.01,1.11
2023-08-28,600909,5.45,5.13,5.45,5.11,1790576,994198474.0,6.9,4.06,0.2,3.81
2023-08-29,600909,5.14,5.11,5.16,4.94,1280727,678629524.0,4.29,-0.39,-0.02,2.73
2023-08-30,600909,5.05,4.91,5.05,4.91,831285,432084627.0,2.74,-3.91,-0.2,1.77
2023-08-31,600909,4.88,4.75,4.9,4.75,880999,443549271.0,3.05,-3.26,-0.16,1.88
2023-09-01,600909,4.77,4.69,4.79,4.66,685329,340364919.0,2.74,-1.26,-0.06,1.46
2023-09-04,600909,4.71,4.74,4.78,4.68,616279,306654774.0,2.13,1.07,0.05,1.31
2023-09-05,600909,4.71,4.66,4.73,4.65,592635,291624950.0,1.69,-1.69,-0.08,1.26
2023-09-06,600909,4.65,4.65,4.68,4.62,518528,253502892.0,1.29,-0.21,-0.01,1.1
2023-09-07,600909,4.66,4.63,4.69,4.61,476860,233088235.0,1.72,-0.43,-0.02,1.02
2023-09-08,600909,4.62,4.69,4.7,4.61,423165,207175746.0,1.94,1.3,0.06,0.9
2023-09-11,600909,4.71,4.73,4.78,4.66,681381,337847391.0,2.56,0.85,0.04,1.45
2023-09-12,600909,4.72,4.67,4.73,4.66,426687,210180017.0,1.48,-1.27,-0.06,0.91
2023-09-13,600909,4.68,4.61,4.69,4.59,476394,231377559.0,2.14,-1.28,-0.06,1.01
2023-09-14,600909,4.61,4.63,4.64,4.59,389943,189452736.0,1.08,0.43,0.02,0.83
2023-09-15,600909,4.64,4.63,4.67,4.59,429501,209056579.0,1.73,0.0,0.0,0.91
2023-09-18,600909,4.6,4.62,4.63,4.57,430802,208788020.0,1.3,-0.22,-0.01,0.92
2023-09-19,600909,4.61,4.61,4.65,4.6,344512,167446580.0,1.08,-0.22,-0.01,0.73
2023-09-20,600909,4.6,4.61,4.64,4.58,361983,175582634.0,1.3,0.0,0.0,0.77
2023-09-21,600909,4.6,4.57,4.63,4.56,379574,183398553.0,1.52,-0.87,-0.04,0.81
2023-09-22,600909,4.57,4.69,4.69,4.56,592842,289691560.0,2.84,2.63,0.12,1.26
2023-09-25,600909,4.69,4.59,4.69,4.58,431891,209294810.0,2.35,-2.13,-0.1,0.92
2023-09-26,600909,4.59,4.59,4.62,4.58,258837,125259246.0,0.87,0.0,0.0,0.55
2023-09-27,600909,4.58,4.62,4.63,4.58,305372,148059252.0,1.09,0.65,0.03,0.65
2023-09-28,600909,4.61,4.57,4.63,4.56,424442,204633722.0,1.52,-1.08,-0.05,0.9
2023-10-09,600909,4.55,4.5,4.56,4.45,427409,201841856.0,2.41,-1.53,-0.07,0.91
2023-10-10,600909,4.51,4.5,4.54,4.49,248853,118335696.0,1.11,0.0,0.0,0.53
2023-10-11,600909,4.51,4.46,4.54,4.45,331770,156927749.0,2.0,-0.89,-0.04,0.71
2023-10-12,600909,4.51,4.51,4.53,4.49,291273,138384592.0,0.9,1.12,0.05,0.62
2023-10-13,600909,4.49,4.49,4.5,4.45,227881,107559619.0,1.11,-0.44,-0.02,0.49
2023-10-16,600909,4.49,4.49,4.52,4.44,280408,132392367.0,1.78,0.0,0.0,0.6
2023-10-17,600909,4.49,4.54,4.57,4.47,407262,194306439.0,2.23,1.11,0.05,0.87
2023-10-18,600909,4.52,4.52,4.55,4.51,265673,126692397.0,0.88,-0.44,-0.02,0.57
2023-10-19,600909,4.5,4.51,4.59,4.48,426211,203553846.0,2.43,-0.22,-0.01,0.91
2023-10-20,600909,4.47,4.52,4.55,4.46,328082,155777709.0,2.0,0.22,0.01,0.7
2023-10-23,600909,4.49,4.36,4.49,4.35,481436,222648725.0,3.1,-3.54,-0.16,1.02
2023-10-24,600909,4.39,4.52,4.54,4.37,508597,238919881.0,3.9,3.67,0.16,1.08
2023-10-25,600909,4.56,4.52,4.57,4.49,436474,208154622.0,1.77,0.0,0.0,0.93
2023-10-26,600909,4.5,4.54,4.54,4.47,308943,146689762.0,1.55,0.44,0.02,0.66
2023-10-27,600909,4.53,4.56,4.6,4.52,395478,189864388.0,1.76,0.44,0.02,0.84
2023-10-30,600909,4.54,4.58,4.61,4.53,367233,176691486.0,1.75,0.44,0.02,0.78
2023-10-31,600909,4.58,4.59,4.63,4.57,331224,160215921.0,1.31,0.22,0.01,0.71
2023-11-01,600909,4.62,4.57,4.63,4.56,281973,135995905.0,1.53,-0.44,-0.02,0.6
2023-11-02,600909,4.57,4.53,4.61,4.52,271689,130547193.0,1.97,-0.88,-0.04,0.58
2023-11-03,600909,4.54,4.54,4.59,4.52,357797,171455635.0,1.55,0.22,0.01,0.76
2023-11-06,600909,4.65,4.74,4.76,4.63,991257,489114605.0,2.86,4.41,0.2,2.11
2023-11-07,600909,4.71,4.8,4.84,4.7,715755,360288944.0,2.95,1.27,0.06,1.52
2023-11-08,600909,4.79,4.75,4.84,4.72,561054,281533363.0,2.5,-1.04,-0.05,1.19
2023-11-09,600909,4.75,4.7,4.76,4.67,433078,214489652.0,1.89,-1.05,-0.05,0.92
2023-11-10,600909,4.69,4.7,4.74,4.68,326237,161434192.0,1.28,0.0,0.0,0.69
2023-11-13,600909,4.7,4.68,4.71,4.65,274989,135083046.0,1.28,-0.43,-0.02,0.59
2023-11-14,600909,4.68,4.76,4.82,4.67,527767,263356053.0,3.21,1.71,0.08,1.12
2023-11-15,600909,4.81,4.78,4.86,4.76,460609,232393906.0,2.1,0.42,0.02,0.98
2023-11-16,600909,4.78,4.76,4.82,4.75,335493,168589027.0,1.46,-0.42,-0.02,0.71
2023-11-17,600909,4.76,4.79,4.8,4.74,311389,156081999.0,1.26,0.63,0.03,0.66
2023-11-20,600909,4.79,4.75,4.79,4.72,414246,206370113.0,1.46,-0.84,-0.04,0.88
2023-11-21,600909,4.78,4.75,4.83,4.73,453996,228127157.0,2.11,0.0,0.0,0.97
2023-11-22,600909,4.73,4.7,4.76,4.7,314954,156466705.0,1.26,-1.05,-0.05,0.67
2023-11-23,600909,4.69,4.72,4.73,4.68,256647,126917989.0,1.06,0.43,0.02,0.55
2023-11-24,600909,4.71,4.69,4.72,4.68,270111,133461173.0,0.85,-0.64,-0.03,0.57
2023-11-27,600909,4.68,4.66,4.68,4.64,300535,147102688.0,0.85,-0.64,-0.03,0.64
2023-11-28,600909,4.66,4.65,4.67,4.62,208162,101766878.0,1.07,-0.21,-0.01,0.44
2023-11-29,600909,4.65,4.6,4.66,4.59,204411,99375697.0,1.51,-1.08,-0.05,0.44
2023-11-30,600909,4.6,4.63,4.65,4.6,206650,100566255.0,1.09,0.65,0.03,0.44
2023-12-01,600909,4.64,4.67,4.68,4.62,209574,102429984.0,1.3,0.86,0.04,0.45
2023-12-04,600909,4.68,4.66,4.7,4.65,254041,124961655.0,1.07,-0.21,-0.01,0.54
2023-12-05,600909,4.66,4.6,4.67,4.6,244934,119387544.0,1.5,-1.29,-0.06,0.52
2023-12-06,600909,4.6,4.59,4.63,4.57,188120,91035814.0,1.3,-0.22,-0.01,0.4
2023-12-07,600909,4.58,4.62,4.64,4.57,203712,98699336.0,1.53,0.65,0.03,0.43
2023-12-08,600909,4.61,4.58,4.64,4.58,211315,102429044.0,1.3,-0.87,-0.04,0.45
2023-12-11,600909,4.57,4.67,4.69,4.5,389880,188497883.0,4.15,1.97,0.09,0.83
2023-12-12,600909,4.65,4.7,4.7,4.63,238056,117072321.0,1.5,0.64,0.03,0.51
2023-12-13,600909,4.68,4.66,4.69,4.65,194209,95430742.0,0.85,-0.85,-0.04,0.41
2023-12-14,600909,4.69,4.63,4.7,4.63,146310,71703013.0,1.5,-0.64,-0.03,0.31
2023-12-15,600909,4.64,4.65,4.7,4.63,218227,107007541.0,1.51,0.43,0.02,0.46
2023-12-18,600909,4.65,4.61,4.68,4.59,175730,85708111.0,1.94,-0.86,-0.04,0.37
2023-12-19,600909,4.61,4.59,4.62,4.54,211198,101975554.0,1.74,-0.43,-0.02,0.45
2023-12-20,600909,4.59,4.47,4.59,4.46,253755,120648119.0,2.83,-2.61,-0.12,0.54
2023-12-21,600909,4.46,4.45,4.48,4.4,268201,125550847.0,1.79,-0.45,-0.02,0.57
2023-12-22,600909,4.43,4.4,4.46,4.39,231359,107879436.0,1.57,-1.12,-0.05,0.49
2023-12-25,600909,4.4,4.37,4.43,4.36,200143,92652656.0,1.59,-0.68,-0.03,0.43
2023-12-26,600909,4.35,4.31,4.38,4.3,189997,86872305.0,1.83,-1.37,-0.06,0.4
2023-12-27,600909,4.31,4.41,4.44,4.29,305269,140727243.0,3.48,2.32,0.1,0.65
2023-12-28,600909,4.39,4.53,4.55,4.37,373693,176393754.0,4.08,2.72,0.12,0.8
2023-12-29,600909,4.52,4.64,4.66,4.52,575937,280002301.0,3.09,2.43,0.11,1.23
2024-01-02,600909,4.64,4.55,4.66,4.54,289705,140076486.0,2.59,-1.94,-0.09,0.62
2024-01-03,600909,4.54,4.57,4.6,4.54,223688,107610575.0,1.32,0.44,0.02,0.48
2024-01-04,600909,4.58,4.53,4.58,4.49,239292,114069430.0,1.97,-0.88,-0.04,0.51
2024-01-05,600909,4.52,4.49,4.57,4.45,221634,105350131.0,2.65,-0.88,-0.04,0.47
2024-01-08,600909,4.46,4.38,4.48,4.38,203935,94988480.0,2.23,-2.45,-0.11,0.43
2024-01-09,600909,4.38,4.39,4.44,4.36,200790,93089964.0,1.83,0.23,0.01,0.43
2024-01-10,600909,4.37,4.34,4.4,4.33,200606,92291015.0,1.59,-1.14,-0.05,0.43
2024-01-11,600909,4.33,4.41,4.43,4.33,248015,114635234.0,2.3,1.61,0.07,0.53
2024-01-12,600909,4.39,4.35,4.45,4.34,210171,97397011.0,2.49,-1.36,-0.06,0.45
2024-01-15,600909,4.35,4.36,4.41,4.32,199454,91810334.0,2.07,0.23,0.01,0.42
2024-01-16,600909,4.35,4.43,4.43,4.33,312990,144743839.0,2.29,1.61,0.07,0.67
2024-01-17,600909,4.42,4.35,4.44,4.34,246266,114332209.0,2.26,-1.81,-0.08,0.52
2024-01-18,600909,4.31,4.32,4.34,4.18,594950,267352491.0,3.68,-0.69,-0.03,1.27
2024-01-19,600909,4.29,4.27,4.35,4.24,320552,144835606.0,2.55,-1.16,-0.05,0.68
2024-01-22,600909,4.26,4.05,4.28,4.03,404290,178411641.0,5.85,-5.15,-0.22,0.86
2024-01-23,600909,4.04,4.2,4.24,3.99,448550,195764742.0,6.17,3.7,0.15,0.95
2024-01-24,600909,4.22,4.35,4.39,4.11,608788,273218968.0,6.67,3.57,0.15,1.3
2024-01-25,600909,4.32,4.42,4.47,4.29,557757,257860664.0,4.14,1.61,0.07,1.19
2024-01-26,600909,4.4,4.46,4.51,4.37,441469,206905388.0,3.17,0.9,0.04,0.94
2024-01-29,600909,4.46,4.37,4.49,4.36,405542,188710374.0,2.91,-2.02,-0.09,0.86
2024-01-30,600909,4.36,4.29,4.4,4.27,305412,139965049.0,2.97,-1.83,-0.08,0.65
2024-01-31,600909,4.26,4.24,4.34,4.21,367471,165975027.0,3.03,-1.17,-0.05,0.78
2024-02-01,600909,4.21,4.18,4.27,4.13,348967,155018346.0,3.3,-1.42,-0.06,0.74
2024-02-02,600909,4.18,4.05,4.22,3.94,503546,217677253.0,6.7,-3.11,-0.13,1.07
2024-02-05,600909,4.01,3.95,4.07,3.8,633713,264064013.0,6.67,-2.47,-0.1,1.35
2024-02-06,600909,3.88,4.22,4.26,3.86,578299,249767936.0,10.13,6.84,0.27,1.23
2024-02-07,600909,4.21,4.44,4.44,4.21,779342,358905436.0,5.45,5.21,0.22,1.66
2024-02-08,600909,4.47,4.42,4.62,4.4,815500,387708311.0,4.95,-0.45,-0.02,1.74
2024-02-19,600909,4.39,4.32,4.39,4.26,610435,277387317.0,2.94,-2.26,-0.1,1.3
2024-02-20,600909,4.3,4.34,4.37,4.24,484584,220383950.0,3.01,0.46,0.02,1.03
2024-02-21,600909,4.3,4.36,4.49,4.27,661084,305565399.0,5.07,0.46,0.02,1.41
2024-02-22,600909,4.34,4.39,4.41,4.3,445732,204822522.0,2.52,0.69,0.03,0.95
2024-02-23,600909,4.4,4.4,4.41,4.35,407270,188344316.0,1.37,0.23,0.01,0.87
2024-02-26,600909,4.4,4.36,4.42,4.36,362017,167479929.0,1.36,-0.91,-0.04,0.77
2024-02-27,600909,4.36,4.48,4.48,4.34,445538,207470099.0,3.21,2.75,0.12,0.95
2024-02-28,600909,4.56,4.41,4.6,4.41,806031,384877494.0,4.24,-1.56,-0.07,1.72
2024-02-29,600909,4.37,4.58,4.58,4.37,683747,324446536.0,4.76,3.85,0.17,1.46
2024-03-01,600909,4.57,4.57,4.61,4.51,459165,220074381.0,2.18,-0.22,-0.01,0.98
2024-03-04,600909,4.58,4.5,4.58,4.47,321350,152442046.0,2.41,-1.53,-0.07,0.68
2024-03-05,600909,4.48,4.45,4.5,4.44,247674,116523022.0,1.33,-1.11,-0.05,0.53
2024-03-06,600909,4.46,4.46,4.54,4.43,278178,131144777.0,2.47,0.22,0.01,0.59
2024-03-07,600909,4.46,4.42,4.5,4.42,333205,156418808.0,1.79,-0.9,-0.04,0.71
2024-03-08,600909,4.43,4.46,4.46,4.41,210480,98410517.0,1.13,0.9,0.04,0.45
2024-03-11,600909,4.45,4.5,4.51,4.44,322607,151813168.0,1.57,0.9,0.04,0.69
2024-03-12,600909,4.51,4.49,4.53,4.47,333426,157930943.0,1.33,-0.22,-0.01,0.71
2024-03-13,600909,4.49,4.46,4.5,4.42,290337,136228348.0,1.78,-0.67,-0.03,0.62
2024-03-14,600909,4.44,4.44,4.48,4.41,256009,119963281.0,1.57,-0.45,-0.02,0.54
2024-03-15,600909,4.44,4.47,4.47,4.4,283400,132548519.0,1.58,0.68,0.03,0.6
2024-03-18,600909,4.48,4.55,4.57,4.48,482059,229627080.0,2.01,1.79,0.08,1.03
2024-03-19,600909,4.55,4.47,4.55,4.46,280544,133013773.0,1.98,-1.76,-0.08,0.6
2024-03-20,600909,4.46,4.48,4.5,4.45,242593,114358883.0,1.12,0.22,0.01,0.52
2024-03-21,600909,4.49,4.49,4.54,4.48,335881,159405553.0,1.34,0.22,0.01,0.71
2024-03-22,600909,4.49,4.42,4.49,4.4,302671,141656301.0,2.0,-1.56,-0.07,0.64
2024-03-25,600909,4.39,4.32,4.4,4.31,337643,155330698.0,2.04,-2.26,-0.1,0.72
2024-03-26,600909,4.33,4.33,4.35,4.3,202487,92418346.0,1.16,0.23,0.01,0.43
2024-03-27,600909,4.32,4.26,4.33,4.26,200133,90854344.0,1.62,-1.62,-0.07,0.43
2024-03-28,600909,4.26,4.31,4.43,4.23,373305,169677090.0,4.69,1.17,0.05,0.79
2024-03-29,600909,4.35,4.35,4.44,4.3,462971,212969219.0,3.25,0.93,0.04,0.99
2024-04-01,600909,4.4,4.44,4.44,4.39,410680,191237452.0,1.15,2.07,0.09,0.87
2024-04-02,600909,4.44,4.5,4.57,4.43,615720,292567432.0,3.15,1.35,0.06,1.31
2024-04-03,600909,4.49,4.46,4.52,4.44,280804,132365074.0,1.78,-0.89,-0.04,0.6
2024-04-08,600909,4.45,4.38,4.46,4.37,280045,130329219.0,2.02,-1.79,-0.08,0.6
2024-04-09,600909,4.4,4.39,4.41,4.37,234983,108706930.0,0.91,0.23,0.01,0.5
2024-04-10,600909,4.38,4.33,4.39,4.29,224559,102747926.0,2.28,-1.37,-0.06,0.48
2024-04-11,600909,4.31,4.33,4.37,4.3,190196,87137931.0,1.62,0.0,0.0,0.4
2024-04-12,600909,4.33,4.24,4.34,4.24,266881,120619407.0,2.31,-2.08,-0.09,0.57
2024-04-15,600909,4.26,4.36,4.38,4.18,405874,184596501.0,4.72,2.83,0.12,0.86
2024-04-16,600909,4.34,4.25,4.38,4.24,361285,164565140.0,3.21,-2.52,-0.11,0.77
2024-04-17,600909,4.28,4.35,4.35,4.25,320985,145986621.0,2.35,2.35,0.1,0.68
2024-04-18,600909,4.34,4.4,4.44,4.31,413210,191403550.0,2.99,1.15,0.05,0.88
2024-04-19,600909,4.39,4.4,4.44,4.37,256140,119066858.0,1.59,0.0,0.0,0.55
2024-04-22,600909,4.39,4.37,4.45,4.37,241464,112034845.0,1.82,-0.68,-0.03,0.51
2024-04-23,600909,4.38,4.35,4.4,4.34,179870,82988371.0,1.37,-0.46,-0.02,0.38
2024-04-24,600909,4.36,4.37,4.37,4.32,193321,88728076.0,1.15,0.46,0.02,0.41
2024-04-25,600909,4.36,4.34,4.39,4.33,173367,79691326.0,1.37,-0.69,-0.03,0.37
2024-04-26,600909,4.42,4.61,4.61,4.39,934828,443565163.0,5.07,6.22,0.27,1.99
2024-04-29,600909,4.61,4.68,4.71,4.57,949771,464125541.0,3.04,1.52,0.07,2.02
2024-04-30,600909,4.64,4.6,4.66,4.57,440693,213879507.0,1.92,-1.71,-0.08,0.94
2024-05-06,600909,4.66,4.61,4.68,4.59,443036,215828140.0,1.96,0.22,0.01,0.94
2024-05-07,600909,4.59,4.58,4.61,4.54,350846,168871214.0,1.52,-0.65,-0.03,0.75
2024-05-08,600909,4.57,4.5,4.57,4.5,258177,123001149.0,1.53,-1.75,-0.08,0.55
2024-05-09,600909,4.5,4.55,4.59,4.5,286099,137171465.0,2.0,1.11,0.05,0.61
2024-05-10,600909,4.55,4.57,4.6,4.52,248771,119420188.0,1.76,0.44,0.02,0.53
2024-05-13,600909,4.55,4.57,4.61,4.5,323641,155186944.0,2.41,0.0,0.0,0.69
2024-05-14,600909,4.57,4.59,4.62,4.53,384810,185328386.0,1.97,0.44,0.02,0.82
2024-05-15,600909,4.63,4.49,4.65,4.48,452359,215562608.0,3.7,-2.18,-0.1,0.96
2024-05-16,600909,4.48,4.46,4.52,4.44,331391,156548700.0,1.78,-0.67,-0.03,0.71
2024-05-17,600909,4.46,4.53,4.54,4.44,290363,137368545.0,2.24,1.57,0.07,0.62
2024-05-20,600909,4.53,4.54,4.58,4.52,320405,153486851.0,1.32,0.22,0.01,0.68
2024-05-21,600909,4.53,4.5,4.55,4.49,206366,98232687.0,1.32,-0.88,-0.04,0.44
2024-05-22,600909,4.5,4.5,4.53,4.49,166539,79093341.0,0.89,0.0,0.0,0.35
2024-05-23,600909,4.49,4.42,4.5,4.4,302764,141683213.0,2.22,-1.78,-0.08,0.64
2024-05-24,600909,4.42,4.38,4.46,4.38,208792,97301468.0,1.81,-0.9,-0.04,0.44
2024-05-27,600909,4.4,4.41,4.42,4.35,225582,104283187.0,1.6,0.68,0.03,0.48
2024-05-28,600909,4.39,4.36,4.41,4.35,182592,84321538.0,1.36,-1.13,-0.05,0.39
2024-05-29,600909,4.37,4.36,4.42,4.34,216892,100236912.0,1.83,0.0,0.0,0.46
2024-05-30,600909,4.35,4.37,4.38,4.33,149929,68989945.0,1.15,0.23,0.01,0.32
2024-05-31,600909,4.37,4.36,4.4,4.36,138143,63820339.0,0.92,-0.23,-0.01,0.29
2024-06-03,600909,4.36,4.34,4.38,4.31,282414,129460744.0,1.61,-0.46,-0.02,0.6
2024-06-04,600909,4.32,4.37,4.38,4.32,201933,92778820.0,1.38,0.69,0.03,0.43
2024-06-05,600909,4.37,4.32,4.38,4.32,179319,82378458.0,1.37,-1.14,-0.05,0.38
2024-06-06,600909,4.34,4.25,4.35,4.22,298889,134745200.0,3.01,-1.62,-0.07,0.64
2024-06-07,600909,4.26,4.2,4.27,4.14,284995,126882171.0,3.06,-1.18,-0.05,0.61
2024-06-11,600909,4.16,4.18,4.23,4.15,189215,83928305.0,1.9,-0.48,-0.02,0.4
2024-06-12,600909,4.18,4.17,4.2,4.16,165970,73309614.0,0.96,-0.24,-0.01,0.35
2024-06-13,600909,4.18,4.17,4.2,4.14,170298,74987559.0,1.44,0.0,0.0,0.36
2024-06-14,600909,4.17,4.24,4.28,4.14,353050,157307267.0,3.36,1.68,0.07,0.75
2024-06-17,600909,4.23,4.27,4.29,4.21,206402,92969402.0,1.89,0.71,0.03,0.44
2024-06-18,600909,4.26,4.28,4.32,4.25,194753,88165730.0,1.64,0.23,0.01,0.41
2024-06-19,600909,4.28,4.25,4.29,4.24,155980,70187189.0,1.17,-0.7,-0.03,0.33
2024-06-20,600909,4.24,4.19,4.26,4.18,158226,70488682.0,1.88,-1.41,-0.06,0.34
2024-06-21,600909,4.19,4.23,4.26,4.19,195829,87677187.0,1.67,0.95,0.04,0.42
2024-06-24,600909,4.23,4.18,4.24,4.14,240537,106583091.0,2.36,-1.18,-0.05,0.51
2024-06-25,600909,4.18,4.14,4.19,4.09,248361,108890770.0,2.39,-0.96,-0.04,0.53
2024-06-26,600909,4.13,4.18,4.2,4.11,174830,76899583.0,2.17,0.97,0.04,0.37
2024-06-27,600909,4.18,4.14,4.18,4.12,166142,72809512.0,1.44,-0.96,-0.04,0.35
2024-06-28,600909,4.15,4.07,4.19,4.04,300074,128159012.0,3.62,-1.69,-0.07,0.64
2024-07-01,600909,4.05,4.1,4.12,4.02,249203,105193899.0,2.46,0.74,0.03,0.53
2024-07-02,600909,4.1,4.07,4.12,4.05,184378,77931742.0,1.71,-0.73,-0.03,0.39
2024-07-03,600909,4.07,4.07,4.1,4.05,120776,50913901.0,1.23,0.0,0.0,0.26
2024-07-04,600909,4.08,3.96,4.09,3.95,228451,94694600.0,3.44,-2.7,-0.11,0.49
2024-07-05,600909,3.96,3.98,4.02,3.94,191563,78851136.0,2.02,0.51,0.02,0.41
2024-07-08,600909,3.97,3.87,3.97,3.86,250552,101169221.0,2.76,-2.76,-0.11,0.53
2024-07-09,600909,3.88,3.92,3.94,3.79,332193,133135642.0,3.88,1.29,0.05,0.71
2024-07-10,600909,3.91,3.94,4.0,3.89,200151,81760637.0,2.81,0.51,0.02,0.43
2024-07-11,600909,3.99,4.03,4.05,3.97,193935,80607510.0,2.03,2.28,0.09,0.41
2024-07-12,600909,4.02,4.0,4.05,3.98,138685,57550520.0,1.74,-0.74,-0.03,0.3
2024-07-15,600909,4.02,4.08,4.1,4.02,400507,168670499.0,2.0,2.0,0.08,0.85
2024-07-16,600909,4.07,4.09,4.12,4.04,229381,97007391.0,1.96,0.25,0.01,0.49
2024-07-17,600909,4.12,4.17,4.18,4.1,294415,126247522.0,1.96,1.96,0.08,0.63
2024-07-18,600909,4.16,4.17,4.17,4.1,214760,91835766.0,1.68,0.0,0.0,0.46
2024-07-19,600909,4.16,4.18,4.2,4.13,219974,94728362.0,1.68,0.24,0.01,0.47
2024-07-22,600909,4.2,4.18,4.23,4.14,258193,111596020.0,2.15,0.0,0.0,0.55
2024-07-23,600909,4.2,4.14,4.24,4.14,271178,117483552.0,2.39,-0.96,-0.04,0.58
2024-07-24,600909,4.17,4.13,4.18,4.11,210542,90269630.0,1.69,-0.24,-0.01,0.45
2024-07-25,600909,4.11,4.17,4.2,4.11,212488,91467789.0,2.18,0.97,0.04,0.45
2024-07-26,600909,4.18,4.27,4.29,4.17,252951,111199878.0,2.88,2.4,0.1,0.54
2024-07-29,600909,4.27,4.27,4.31,4.23,195357,86387185.0,1.87,0.0,0.0,0.42
2024-07-30,600909,4.27,4.31,4.34,4.26,207174,92104341.0,1.87,0.94,0.04,0.44
2024-07-31,600909,4.32,4.54,4.56,4.32,609604,281804214.0,5.57,5.34,0.23,1.3
2024-08-01,600909,4.53,4.54,4.56,4.5,439802,205442416.0,1.32,0.0,0.0,0.94
2024-08-02,600909,4.55,4.47,4.57,4.44,290593,135043336.0,2.86,-1.54,-0.07,0.62
2024-08-05,600909,4.45,4.41,4.52,4.4,324294,149214530.0,2.68,-1.34,-0.06,0.69
2024-08-06,600909,4.42,4.46,4.47,4.4,213026,97440303.0,1.59,1.13,0.05,0.45
2024-08-07,600909,4.46,4.43,4.47,4.4,159555,72928046.0,1.57,-0.67,-0.03,0.34
2024-08-08,600909,4.42,4.49,4.54,4.41,215881,99698488.0,2.93,1.35,0.06,0.46
2024-08-09,600909,4.51,4.44,4.53,4.44,176358,81414475.0,2.0,-1.11,-0.05,0.38
2024-08-12,600909,4.45,4.43,4.46,4.41,141474,64731621.0,1.13,-0.23,-0.01,0.3
2024-08-13,600909,4.44,4.5,4.5,4.42,191759,88226263.0,1.81,1.58,0.07,0.41
2024-08-14,600909,4.48,4.47,4.52,4.47,163207,75689290.0,1.11,-0.67,-0.03,0.35
2024-08-15,600909,4.48,4.49,4.56,4.46,204296,94928285.0,2.24,0.45,0.02,0.43
2024-08-16,600909,4.49,4.44,4.5,4.42,180746,82997323.0,1.78,-1.11,-0.05,0.38
2024-08-19,600909,4.43,4.47,4.49,4.43,138257,63714811.0,1.35,0.68,0.03,0.29
2024-08-20,600909,4.46,4.4,4.48,4.4,171764,78444340.0,1.79,-1.57,-0.07,0.37
2024-08-21,600909,4.4,4.39,4.43,4.37,120239,54555625.0,1.36,-0.23,-0.01,0.26
2024-08-22,600909,4.4,4.32,4.4,4.3,178024,79836667.0,2.28,-1.59,-0.07,0.38
2024-08-23,600909,4.32,4.32,4.35,4.28,142193,63289957.0,1.62,0.0,0.0,0.3
2024-08-26,600909,4.32,4.32,4.36,4.3,129310,57765399.0,1.39,0.0,0.0,0.28
2024-08-27,600909,4.32,4.26,4.33,4.25,121336,53530250.0,1.85,-1.39,-0.06,0.26
2024-08-28,600909,4.22,4.26,4.31,4.22,147038,64810631.0,2.11,0.0,0.0,0.31
2024-08-29,600909,4.26,4.24,4.33,4.24,196761,87098442.0,2.11,-0.47,-0.02,0.42
2024-08-30,600909,4.25,4.37,4.44,4.25,302255,136487549.0,4.48,3.07,0.13,0.64
2024-09-02,600909,4.36,4.22,4.37,4.22,367335,161757214.0,3.43,-3.43,-0.15,0.78
2024-09-03,600909,4.23,4.22,4.27,4.2,203154,88886790.0,1.66,0.0,0.0,0.43
2024-09-04,600909,4.21,4.19,4.26,4.17,203626,88558821.0,2.13,-0.71,-0.03,0.43
2024-09-05,600909,4.18,4.2,4.24,4.18,149329,64896020.0,1.43,0.24,0.01,0.32
2024-09-06,600909,4.32,4.22,4.34,4.2,368358,162012674.0,3.33,0.48,0.02,0.78
2024-09-09,600909,4.17,4.2,4.28,4.15,302680,131930587.0,3.08,-0.47,-0.02,0.64
2024-09-10,600909,4.22,4.17,4.23,4.09,258317,110680008.0,3.33,-0.71,-0.03,0.55
2024-09-11,600909,4.16,4.16,4.21,4.13,158843,68351661.0,1.92,-0.24,-0.01,0.34
2024-09-12,600909,4.17,4.17,4.22,4.14,160434,69274933.0,1.92,0.24,0.01,0.34
2024-09-13,600909,4.18,4.21,4.25,4.17,218961,95179421.0,1.92,0.96,0.04,0.47
2024-09-18,600909,4.2,4.18,4.21,4.1,225489,96714867.0,2.61,-0.71,-0.03,0.48
2024-09-19,600909,4.2,4.24,4.29,4.15,264764,115603521.0,3.35,1.44,0.06,0.56
2024-09-20,600909,4.23,4.24,4.27,4.2,188210,82384434.0,1.65,0.0,0.0,0.4
2024-09-23,600909,4.25,4.26,4.28,4.21,206978,90839670.0,1.65,0.47,0.02,0.44
2024-09-24,600909,4.29,4.5,4.5,4.27,570104,259335251.0,5.4,5.63,0.24,1.21
2024-09-25,600909,4.59,4.59,4.74,4.56,913613,438083350.0,4.0,2.0,0.09,1.94
2024-09-26,600909,4.54,4.87,4.88,4.54,979047,476882443.0,7.41,6.1,0.28,2.08
2024-09-27,600909,4.99,5.29,5.29,4.95,1021848,531952226.0,6.98,8.62,0.42,2.18
2024-09-30,600909,5.77,5.83,5.83,5.51,2214985,1301903924.0,6.05,10.21,0.54,4.72
2024-10-08,600909,6.43,6.43,6.43,6.0,2141589,1392829981.0,7.38,10.29,0.6,4.56
2024-10-09,600909,6.27,5.77,6.43,5.77,2679741,1669820710.0,10.26,-10.26,-0.66,5.7
2024-10-10,600909,5.84,5.85,6.16,5.61,2201340,1328271783.0,9.53,1.39,0.08,4.69
2024-10-11,600909,5.65,5.47,5.77,5.39,1583140,902002096.0,6.5,-6.5,-0.38,3.37
2024-10-14,600909,5.5,5.51,5.56,5.26,1112477,619135716.0,5.48,0.73,0.04,2.37
2024-10-15,600909,5.48,5.32,5.51,5.32,867416,482607105.0,3.45,-3.45,-0.19,1.85
2024-10-16,600909,5.22,5.37,5.51,5.21,868266,479411100.0,5.64,0.94,0.05,1.85
2024-10-17,600909,5.41,5.29,5.47,5.28,664617,366417399.0,3.54,-1.49,-0.08,1.41
2024-10-18,600909,5.31,5.54,5.75,5.26,1483092,834669331.0,9.26,4.73,0.25,3.16
2024-10-21,600909,5.48,5.46,5.53,5.4,944737,529049912.0,2.35,-1.44,-0.08,2.01
2024-10-22,600909,5.46,5.5,5.53,5.44,635063,356739358.0,1.65,0.73,0.04,1.35
2024-10-23,600909,5.52,5.52,5.63,5.48,880754,501661772.0,2.73,0.36,0.02,1.87
2024-10-24,600909,5.5,5.53,5.55,5.46,551525,311750592.0,1.63,0.18,0.01,1.17
2024-10-25,600909,5.52,5.62,5.7,5.51,839292,483868820.0,3.44,1.63,0.09,1.79
2024-10-28,600909,5.63,5.68,5.69,5.58,805935,465413172.0,1.96,1.07,0.06,1.72
2024-10-29,600909,5.76,5.66,5.91,5.64,1292520,765190844.0,4.75,-0.35,-0.02,2.75
2024-10-30,600909,5.59,5.81,5.91,5.59,1374656,814119009.0,5.65,2.65,0.15,2.93
2024-10-31,600909,5.82,6.02,6.18,5.71,1899891,1170644415.0,8.09,3.61,0.21,4.04
2024-11-01,600909,6.04,6.21,6.63,6.03,2727601,1757075010.0,9.97,3.16,0.19,5.81
2024-11-04,600909,6.3,6.57,6.57,6.18,2396728,1558465859.0,6.28,5.8,0.36,5.1
2024-11-05,600909,6.56,6.72,6.88,6.31,2708421,1835993815.0,8.68,2.28,0.15,5.77
2024-11-06,600909,6.72,6.46,6.77,6.41,2582007,1732437083.0,5.36,-3.87,-0.26,5.5
2024-11-07,600909,6.26,6.83,6.99,6.21,2787323,1877950431.0,12.07,5.73,0.37,5.93
2024-11-08,600909,6.92,6.52,6.98,6.5,2081663,1415827363.0,7.03,-4.54,-0.31,4.43
2024-11-11,600909,6.4,6.57,6.6,6.36,1008056,670555666.0,3.68,0.77,0.05,2.15
2024-11-12,600909,6.56,6.41,6.6,6.36,1085364,718535579.0,3.65,-2.44,-0.16,2.31
2024-11-13,600909,6.37,6.36,6.45,6.26,772595,501607866.0,2.96,-0.78,-0.05,1.64
2024-11-14,600909,6.36,6.26,6.42,6.26,654168,423380128.0,2.52,-1.57,-0.1,1.39
2024-11-15,600909,6.27,6.0,6.32,5.99,939912,589926851.0,5.27,-4.15,-0.26,2.0
2024-11-18,600909,6.04,5.91,6.09,5.87,722074,440885489.0,3.67,-1.5,-0.09,1.54
2024-11-19,600909,5.95,5.97,5.99,5.81,675642,409284180.0,3.05,1.02,0.06,1.44
2024-11-20,600909,5.96,6.0,6.03,5.9,590448,360824971.0,2.18,0.5,0.03,1.26
2024-11-21,600909,5.99,6.01,6.06,5.94,647861,398014790.0,2.0,0.17,0.01,1.38
2024-11-22,600909,6.0,5.68,6.02,5.67,862851,517532215.0,5.82,-5.49,-0.33,1.84
2024-11-25,600909,5.71,5.71,5.76,5.58,583000,338311966.0,3.17,0.53,0.03,1.24
2024-11-26,600909,5.81,5.78,5.96,5.76,870373,523060921.0,3.5,1.23,0.07,1.85
2024-11-27,600909,5.8,5.99,6.0,5.76,955311,573651514.0,4.15,3.63,0.21,2.03
2024-11-28,600909,5.96,5.98,6.15,5.92,1065583,659414591.0,3.84,-0.17,-0.01,2.27
2024-11-29,600909,6.0,6.11,6.25,5.93,1144651,713108779.0,5.35,2.17,0.13,2.44
2024-12-02,600909,6.07,6.16,6.19,6.05,795596,500457324.0,2.29,0.82,0.05,1.69
2024-12-03,600909,6.16,6.16,6.19,6.06,644178,403153249.0,2.11,0.0,0.0,1.37
2024-12-04,600909,6.13,6.07,6.19,6.03,517624,323956301.0,2.6,-1.46,-0.09,1.1
2024-12-05,600909,6.06,6.15,6.17,6.05,520860,326867193.0,1.98,1.32,0.08,1.11
2024-12-06,600909,6.14,6.25,6.31,6.09,767084,488093172.0,3.58,1.63,0.1,1.63
2024-12-09,600909,6.2,6.17,6.27,6.11,571001,361463418.0,2.56,-1.28,-0.08,1.22
2024-12-10,600909,6.47,6.18,6.52,6.16,1211053,783419554.0,5.83,0.16,0.01,2.58
2024-12-11,600909,6.15,6.14,6.21,6.12,543763,342590935.0,1.46,-0.65,-0.04,1.16
2024-12-12,600909,6.16,6.29,6.36,6.12,810337,517332381.0,3.91,2.44,0.15,1.72
2024-12-13,600909,6.24,6.11,6.24,6.11,707438,446035582.0,2.07,-2.86,-0.18,1.51
2024-12-16,600909,6.11,6.15,6.18,6.06,528446,330331273.0,1.96,0.65,0.04,1.12
2024-12-17,600909,6.14,6.08,6.16,6.02,515326,320961961.0,2.28,-1.14,-0.07,1.1
2024-12-18,600909,6.06,6.06,6.13,6.04,347608,216417720.0,1.48,-0.33,-0.02,0.74
2024-12-19,600909,5.99,6.06,6.08,5.95,390982,240484771.0,2.15,0.0,0.0,0.83
2024-12-20,600909,6.04,6.08,6.11,6.03,321318,199680260.0,1.32,0.33,0.02,0.68
2024-12-23,600909,6.07,5.97,6.12,5.96,433001,267022555.0,2.63,-1.81,-0.11,0.92
2024-12-24,600909,5.98,6.13,6.13,5.98,483684,300472774.0,2.51,2.68,0.16,1.03
2024-12-25,600909,6.14,6.09,6.14,6.0,369278,229243142.0,2.28,-0.65,-0.04,0.79
2024-12-26,600909,6.06,6.1,6.12,6.05,258167,160988381.0,1.15,0.16,0.01,0.55
2024-12-27,600909,6.09,6.19,6.25,6.09,612500,387335068.0,2.62,1.48,0.09,1.3
2024-12-30,600909,6.15,6.24,6.25,6.15,393753,249993182.0,1.62,0.81,0.05,0.84
2024-12-31,600909,6.23,5.92,6.25,5.91,738698,457453619.0,5.45,-5.13,-0.32,1.57
2025-01-02,600909,5.91,5.59,5.91,5.51,817258,478726109.0,6.76,-5.57,-0.33,1.74
2025-01-03,600909,5.6,5.42,5.62,5.4,491607,277493776.0,3.94,-3.04,-0.17,1.05
2025-01-06,600909,5.42,5.42,5.47,5.38,310643,172697199.0,1.66,0.0,0.0,0.66
2025-01-07,600909,5.46,5.45,5.47,5.35,338019,187880991.0,2.21,0.55,0.03,0.72
2025-01-08,600909,5.42,5.41,5.45,5.24,512796,280917992.0,3.85,-0.73,-0.04,1.09
2025-01-09,600909,5.37,5.37,5.42,5.36,248094,137176964.0,1.11,-0.74,-0.04,0.53
2025-01-10,600909,5.38,5.29,5.42,5.28,281823,155123941.0,2.61,-1.49,-0.08,0.6
2025-01-13,600909,5.24,5.29,5.32,5.22,333675,180713647.0,1.89,0.0,0.0,0.71
2025-01-14,600909,5.31,5.55,5.57,5.31,610081,341944164.0,4.91,4.91,0.26,1.3
2025-01-15,600909,5.55,5.49,5.55,5.48,293343,165635727.0,1.26,-1.08,-0.06,0.62
2025-01-16,600909,5.54,5.51,5.62,5.45,339960,192642323.0,3.1,0.36,0.02,0.72
2025-01-17,600909,5.47,5.51,5.55,5.46,307056,173477617.0,1.63,0.0,0.0,0.65
2025-01-20,600909,5.54,5.53,5.6,5.5,322308,183362067.0,1.81,0.36,0.02,0.69
2025-01-21,600909,5.56,5.52,5.58,5.46,249791,141039475.0,2.17,-0.18,-0.01,0.53
2025-01-22,600909,5.48,5.51,5.54,5.44,263209,148196486.0,1.81,-0.18,-0.01,0.56
2025-01-23,600909,5.61,5.59,5.73,5.57,559387,324096248.0,2.9,1.45,0.08,1.19
2025-01-24,600909,5.56,5.65,5.68,5.56,385926,223037383.0,2.15,1.07,0.06,0.82
2025-01-27,600909,5.65,5.48,5.67,5.48,395237,225193236.0,3.36,-3.01,-0.17,0.84
2025-02-05,600909,5.53,5.48,5.56,5.44,322427,181985791.0,2.19,0.0,0.0,0.69
2025-02-06,600909,5.48,5.58,5.59,5.43,383034,216941099.0,2.92,1.82,0.1,0.82
2025-02-07,600909,5.58,5.72,5.81,5.54,691144,403113297.0,4.84,2.51,0.14,1.47
2025-02-10,600909,5.72,5.72,5.79,5.69,478497,280848836.0,1.75,0.0,0.0,1.02
2025-02-11,600909,5.73,5.69,5.74,5.62,325264,188815979.0,2.1,-0.52,-0.03,0.69
2025-02-12,600909,5.68,5.77,5.78,5.65,406749,237839331.0,2.28,1.41,0.08,0.87
2025-02-13,600909,5.75,5.7,5.8,5.69,402271,236366873.0,1.91,-1.21,-0.07,0.86
2025-02-14,600909,5.71,5.72,5.74,5.67,313367,183177056.0,1.23,0.35,0.02,0.67
2025-02-17,600909,5.77,5.73,5.79,5.69,408111,240030846.0,1.75,0.17,0.01,0.87
2025-02-18,600909,5.71,5.55,5.72,5.53,407743,234980282.0,3.32,-3.14,-0.18,0.87
2025-02-19,600909,5.56,5.61,5.65,5.55,292987,168300720.0,1.8,1.08,0.06,0.62
2025-02-20,600909,5.6,5.58,5.63,5.53,274402,156975192.0,1.78,-0.53,-0.03,0.58
2025-02-21,600909,5.58,5.7,5.72,5.55,482536,279566788.0,3.05,2.15,0.12,1.03
2025-02-24,600909,5.68,5.68,5.74,5.66,374836,218685017.0,1.4,-0.35,-0.02,0.8
2025-02-25,600909,5.63,5.57,5.65,5.56,326658,187819299.0,1.58,-1.94,-0.11,0.7
2025-02-26,600909,5.57,5.69,5.71,5.55,459002,264334667.0,2.87,2.15,0.12,0.98
2025-02-27,600909,5.64,5.67,5.75,5.57,550760,319268150.0,3.16,-0.35,-0.02,1.17
2025-02-28,600909,5.64,5.52,5.76,5.5,542237,312387427.0,4.59,-2.65,-0.15,1.15
2025-03-03,600909,5.52,5.49,5.58,5.47,336134,190583648.0,1.99,-0.54,-0.03,0.72
2025-03-04,600909,5.47,5.52,5.53,5.45,276183,155713712.0,1.46,0.55,0.03,0.59
2025-03-05,600909,5.52,5.52,5.53,5.44,272083,153252499.0,1.63,0.0,0.0,0.58
2025-03-06,600909,5.55,5.63,5.65,5.53,486525,279489713.0,2.17,1.99,0.11,1.04
2025-03-07,600909,5.61,5.51,5.63,5.49,462410,262828118.0,2.49,-2.13,-0.12,0.98
2025-03-10,600909,5.51,5.49,5.52,5.46,247976,139387309.0,1.09,-0.36,-0.02,0.53
2025-03-11,600909,5.45,5.5,5.51,5.43,224015,125804988.0,1.46,0.18,0.01,0.48
2025-03-12,600909,5.52,5.53,5.6,5.5,364284,207009495.0,1.82,0.55,0.03,0.78
2025-03-13,600909,5.52,5.5,5.58,5.45,289463,163239443.0,2.35,-0.54,-0.03,0.62
2025-03-14,600909,5.51,5.71,5.76,5.49,916212,530884318.0,4.91,3.82,0.21,1.96
2025-03-17,600909,5.72,5.67,5.73,5.66,407716,237506189.0,1.23,-0.7,-0.04,0.87
2025-03-18,600909,5.71,5.69,5.73,5.66,227820,132669998.0,1.23,0.35,0.02,0.49
2025-03-19,600909,5.68,5.7,5.73,5.65,245116,142815714.0,1.41,0.18,0.01,0.52
2025-03-20,600909,5.69,5.65,5.7,5.63,264614,153689287.0,1.23,-0.88,-0.05,0.57
2025-03-21,600909,5.63,5.53,5.67,5.52,318148,182260684.0,2.65,-2.12,-0.12,0.68
2025-03-24,600909,5.54,5.54,5.56,5.47,264253,149625788.0,1.63,0.18,0.01,0.56
2025-03-25,600909,5.55,5.58,5.59,5.51,226167,128849768.0,1.44,0.72,0.04,0.48
2025-03-26,600909,5.56,5.58,5.6,5.56,204908,117184507.0,0.72,0.0,0.0,0.44
2025-03-27,600909,5.58,5.61,5.63,5.52,271468,155749107.0,1.97,0.54,0.03,0.58
2025-03-28,600909,5.62,5.56,5.62,5.52,329227,187657181.0,1.78,-0.89,-0.05,0.7
2025-03-31,600909,5.54,5.43,5.57,5.39,371583,208052908.0,3.24,-2.34,-0.13,0.79
2025-04-01,600909,5.45,5.45,5.49,5.42,242925,135957021.0,1.29,0.37,0.02,0.52
2025-04-02,600909,5.44,5.47,5.5,5.43,159608,89616593.0,1.28,0.37,0.02,0.34
2025-04-03,600909,5.42,5.49,5.53,5.42,233763,131678666.0,2.01,0.37,0.02,0.5
2025-04-07,600909,5.27,4.93,5.27,4.93,598372,310232916.0,6.19,-10.2,-0.56,1.28
2025-04-08,600909,4.91,4.93,4.98,4.86,566595,286122389.0,2.43,0.0,0.0,1.21
2025-04-09,600909,4.88,4.99,5.05,4.76,563480,285641692.0,5.88,1.22,0.06,1.2
2025-04-10,600909,5.24,5.21,5.39,5.18,832771,450881566.0,4.21,4.41,0.22,1.78
2025-04-11,600909,5.14,5.14,5.2,5.12,460251,243628584.0,1.54,-1.34,-0.07,0.98
2025-04-14,600909,5.21,5.25,5.36,5.17,522197,282085726.0,3.7,2.14,0.11,1.12
2025-04-15,600909,5.21,5.24,5.26,5.17,377010,201684803.0,1.71,-0.19,-0.01,0.81
2025-04-16,600909,5.22,5.23,5.28,5.16,340745,182560945.0,2.29,-0.19,-0.01,0.73
2025-04-17,600909,5.19,5.23,5.26,5.18,246752,132559688.0,1.53,0.0,0.0,0.53
2025-04-18,600909,5.22,5.27,5.29,5.2,289719,155942839.0,1.72,0.76,0.04,0.62
2025-04-21,600909,5.25,5.31,5.33,5.22,292964,159466716.0,2.09,0.76,0.04,0.63
2025-04-22,600909,5.3,5.32,5.35,5.28,271035,147930644.0,1.32,0.19,0.01,0.58
2025-04-23,600909,5.34,5.31,5.38,5.29,250449,136748376.0,1.69,-0.19,-0.01,0.54
2025-04-24,600909,5.32,5.32,5.35,5.28,269646,147150268.0,1.32,0.19,0.01,0.58
2025-04-25,600909,5.33,5.37,5.41,5.33,283668,156350370.0,1.5,0.94,0.05,0.61
2025-04-28,600909,5.35,5.36,5.37,5.32,241061,132322689.0,0.93,-0.19,-0.01,0.52
2025-04-29,600909,5.39,5.43,5.48,5.37,348577,194254305.0,2.05,1.31,0.07,0.75
2025-04-30,600909,5.44,5.39,5.47,5.38,271618,151254801.0,1.66,-0.74,-0.04,0.58
2025-05-06,600909,5.42,5.46,5.47,5.41,353563,197616750.0,1.11,1.3,0.07,0.76
2025-05-07,600909,5.57,5.45,5.61,5.42,493373,278146792.0,3.48,-0.18,-0.01,1.05
2025-05-08,600909,5.42,5.44,5.48,5.41,240436,134380967.0,1.28,-0.18,-0.01,0.51
2025-05-09,600909,5.45,5.36,5.45,5.34,241689,133361666.0,2.02,-1.47,-0.08,0.52
2025-05-12,600909,5.4,5.46,5.46,5.37,314767,175093888.0,1.68,1.87,0.1,0.67
2025-05-13,600909,5.49,5.43,5.52,5.41,257851,144131186.0,2.01,-0.55,-0.03,0.55
2025-05-14,600909,5.44,5.6,5.66,5.4,747435,424731081.0,4.79,3.13,0.17,1.6
2025-05-15,600909,5.54,5.5,5.58,5.49,331995,187995286.0,1.61,-1.79,-0.1,0.71
2025-05-16,600909,5.48,5.41,5.51,5.41,303916,169623844.0,1.82,-1.64,-0.09,0.65
2025-05-19,600909,5.41,5.44,5.46,5.38,196311,109214952.0,1.48,0.55,0.03,0.42
2025-05-20,600909,5.44,5.44,5.46,5.41,197226,109957897.0,0.92,0.0,0.0,0.42
2025-05-21,600909,5.45,5.43,5.46,5.42,164706,91878708.0,0.74,-0.18,-0.01,0.35
2025-05-22,600909,5.42,5.39,5.43,5.37,184640,102193884.0,1.1,-0.74,-0.04,0.39
2025-05-23,600909,5.4,5.31,5.42,5.3,234836,129235363.0,2.23,-1.48,-0.08,0.5
2025-05-26,600909,5.31,5.3,5.33,5.27,152775,83063327.0,1.13,-0.19,-0.01,0.33
2025-05-27,600909,5.3,5.3,5.32,5.27,177129,96324542.0,0.94,0.0,0.0,0.38
2025-05-28,600909,5.31,5.28,5.31,5.26,156224,84657489.0,0.94,-0.38,-0.02,0.33
2025-05-29,600909,5.28,5.36,5.37,5.26,278118,152249324.0,2.08,1.52,0.08,0.59
2025-05-30,600909,5.33,5.34,5.36,5.31,192962,105597465.0,0.93,-0.37,-0.02,0.41
2025-06-03,600909,5.31,5.39,5.4,5.3,239231,131684582.0,1.87,0.94,0.05,0.51
2025-06-04,600909,5.38,5.47,5.49,5.38,333717,186548254.0,2.04,1.48,0.08,0.71
2025-06-05,600909,5.46,5.53,5.55,5.46,351645,198653097.0,1.65,1.1,0.06,0.75
2025-06-06,600909,5.53,5.49,5.57,5.47,232123,131054277.0,1.81,-0.72,-0.04,0.5
2025-06-09,600909,5.53,5.56,5.6,5.52,319346,182153155.0,1.46,1.28,0.07,0.68
2025-06-10,600909,5.55,5.49,5.56,5.45,274851,155294779.0,1.98,-1.26,-0.07,0.59
2025-06-11,600909,5.51,5.58,5.65,5.49,396249,227084416.0,2.91,1.64,0.09,0.85
2025-06-12,600909,5.55,5.57,5.62,5.55,242771,138941502.0,1.25,-0.18,-0.01,0.52
2025-06-13,600909,5.55,5.51,5.57,5.48,287591,162712812.0,1.62,-1.08,-0.06,0.61
2025-06-16,600909,5.49,5.58,5.59,5.48,286530,162965888.0,2.0,1.27,0.07,0.61
2025-06-17,600909,5.57,5.6,5.61,5.55,244905,140107898.0,1.08,0.36,0.02,0.52
2025-06-18,600909,5.58,5.54,5.61,5.49,272816,154816380.0,2.14,-1.07,-0.06,0.58
2025-06-19,600909,5.53,5.42,5.54,5.4,279352,156044184.0,2.53,-2.17,-0.12,0.6
2025-06-20,600909,5.42,5.42,5.45,5.4,177173,98554320.0,0.92,0.0,0.0,0.38
2025-06-23,600909,5.4,5.48,5.5,5.39,261002,145939019.0,2.03,1.11,0.06,0.56
2025-06-24,600909,5.5,5.64,5.66,5.49,545367,313490094.0,3.1,2.92,0.16,1.17
2025-06-25,600909,5.64,5.88,5.9,5.64,1050408,621829475.0,4.61,4.26,0.24,2.25
2025-06-26,600909,5.88,5.83,5.94,5.81,706871,424455239.0,2.21,-0.85,-0.05,1.51
2025-06-27,600909,5.83,5.83,6.04,5.82,842912,510265893.0,3.77,0.0,0.0,1.8
2025-06-30,600909,5.84,5.79,5.88,5.75,479969,280579164.0,2.23,-0.69,-0.04,1.03
2025-07-01,600909,5.8,5.78,5.82,5.74,392998,228534209.0,1.38,-0.17,-0.01,0.84
2025-07-02,600909,5.78,5.77,5.81,5.74,303054,176044065.0,1.21,-0.17,-0.01,0.65
2025-07-03,600909,5.77,5.78,5.8,5.75,293544,170858830.0,0.87,0.17,0.01,0.63
2025-07-04,600909,5.78,5.79,5.89,5.74,453058,264691483.0,2.6,0.17,0.01,0.97
2025-07-07,600909,5.76,5.81,5.84,5.76,279627,163527787.0,1.38,0.35,0.02,0.6
2025-07-08,600909,5.8,5.9,5.91,5.79,430867,254420893.0,2.07,1.55,0.09,0.92
2025-07-09,600909,5.9,5.9,5.95,5.88,433570,258403521.0,1.19,0.0,0.0,0.93
2025-07-10,600909,5.89,5.97,6.01,5.88,493119,295519984.0,2.2,1.19,0.07,1.05
2025-07-11,600909,6.0,6.16,6.25,5.97,1191766,737450946.0,4.69,3.18,0.19,2.55
2025-07-14,600909,6.18,6.04,6.18,6.03,706721,432319456.0,2.44,-1.95,-0.12,1.51
2025-07-15,600909,6.07,6.01,6.1,5.98,545699,330706090.0,1.99,-0.5,-0.03,1.17
2025-07-16,600909,6.0,6.0,6.03,5.97,359645,217199810.0,1.0,-0.17,-0.01,0.77
2025-07-17,600909,6.01,6.03,6.04,5.98,326422,197527589.0,1.0,0.5,0.03,0.7
2025-07-18,600909,6.04,6.02,6.06,5.99,342015,207361929.0,1.16,-0.17,-0.01,0.73
2025-07-21,600909,6.03,6.1,6.11,6.01,489058,299023874.0,1.66,1.33,0.08,1.05
2025-07-22,600909,6.1,6.1,6.11,6.01,436486,266480460.0,1.64,0.0,0.0,0.93
2025-07-23,600909,6.1,6.09,6.22,6.08,794923,491931578.0,2.3,-0.16,-0.01,1.7
2025-07-24,600909,6.08,6.24,6.24,6.06,874410,544966495.0,2.96,2.46,0.15,1.87
2025-07-25,600909,6.24,6.23,6.3,6.19,599188,375877747.0,1.76,-0.16,-0.01,1.28
2025-07-28,600909,6.21,6.24,6.33,6.15,591766,371821882.0,2.89,0.16,0.01,1.26
2025-07-29,600909,6.22,6.23,6.24,6.11,566426,351764831.0,2.08,-0.16,-0.01,1.21
2025-07-30,600909,6.21,6.15,6.24,6.1,478768,297837522.0,2.25,-1.28,-0.08,1.02
2025-07-31,600909,6.14,6.02,6.17,5.98,526444,321682955.0,3.09,-2.11,-0.13,1.13
2025-08-01,600909,6.02,6.0,6.08,5.97,440159,267165394.0,1.83,-0.33,-0.02,0.94
2025-08-04,600909,5.98,5.99,6.01,5.93,438124,262999824.0,1.33,-0.17,-0.01,0.94
2025-08-05,600909,6.0,6.06,6.08,5.99,341401,207656383.0,1.5,1.17,0.07,0.73
2025-08-06,600909,6.06,6.09,6.1,6.03,334754,204532200.0,1.16,0.5,0.03,0.72
2025-08-07,600909,6.1,6.13,6.15,6.05,395231,243189360.0,1.64,0.66,0.04,0.84
2025-08-08,600909,6.11,6.08,6.13,6.05,274874,168614861.0,1.31,-0.82,-0.05,0.59
2025-08-11,600909,6.09,6.13,6.17,6.09,379538,234360283.0,1.32,0.82,0.05,0.81
2025-08-12,600909,6.11,6.15,6.15,6.1,305847,188810751.0,0.82,0.33,0.02,0.65
2025-08-13,600909,6.17,6.24,6.29,6.11,796523,498771500.0,2.93,1.46,0.09,1.7
2025-08-14,600909,6.27,6.2,6.32,6.17,807579,508857756.0,2.4,-0.64,-0.04,1.73
2025-08-15,600909,6.18,6.39,6.45,6.17,1258226,805360982.0,4.52,3.06,0.19,2.69
2025-08-18,600909,6.45,6.45,6.53,6.36,1139771,739529391.0,2.66,0.94,0.06,2.44
2025-08-19,600909,6.43,6.38,6.47,6.35,578940,372946680.0,1.86,-1.09,-0.07,1.24
2025-08-20,600909,6.36,6.46,6.47,6.29,655088,420365398.0,2.82,1.25,0.08,1.4
2025-08-21,600909,6.49,6.4,6.52,6.37,545646,353472882.0,2.32,-0.93,-0.06,1.17
2025-08-22,600909,6.37,6.58,6.58,6.36,1034718,677070967.0,3.44,2.81,0.18,2.21
2025-08-25,600909,6.68,6.64,6.76,6.57,1067584,713027093.0,2.89,0.91,0.06,2.28
2025-08-26,600909,6.61,6.6,6.66,6.59,571321,380381292.0,1.05,-0.6,-0.04,1.22
2025-08-27,600909,6.6,6.47,6.71,6.47,945087,627171544.0,3.64,-1.97,-0.13,2.02
2025-08-28,600909,6.48,6.53,6.54,6.34,830222,538659406.0,3.09,0.93,0.06,1.77
2025-08-29,600909,6.53,6.46,6.56,6.43,765813,500176813.0,1.99,-1.07,-0.07,1.64
2025-09-01,600909,6.46,6.39,6.49,6.34,670944,431536387.0,2.32,-1.08,-0.07,1.43
2025-09-02,600909,6.37,6.3,6.39,6.25,682268,433145532.0,2.19,-1.41,-0.09,1.46
2025-09-03,600909,6.34,6.15,6.36,6.11,565050,353982331.0,3.97,-2.38,-0.15,1.21
2025-09-04,600909,6.15,6.18,6.23,6.1,581603,360865722.0,2.11,0.49,0.03,1.24
2025-09-05,600909,6.2,6.22,6.23,6.09,517873,321318672.0,2.27,0.65,0.04,1.11
2025-09-08,600909,6.22,6.23,6.27,6.17,409944,256859058.0,1.61,0.16,0.01,0.88
2025-09-09,600909,6.2,6.2,6.27,6.18,390436,244501778.0,1.44,-0.48,-0.03,0.83
2025-09-10,600909,6.19,6.18,6.23,6.15,322382,200911562.0,1.29,-0.32,-0.02,0.69
2025-09-11,600909,6.17,6.37,6.39,6.14,637231,403478942.0,4.05,3.07,0.19,1.36
2025-09-12,600909,6.36,6.29,6.38,6.28,404989,257930177.0,1.57,-1.26,-0.08,0.87
2025-09-15,600909,6.3,6.25,6.32,6.25,310801,196427980.0,1.11,-0.64,-0.04,0.66
2025-09-16,600909,6.25,6.3,6.31,6.21,320903,202263286.0,1.6,0.8,0.05,0.69
2025-09-17,600909,6.29,6.41,6.43,6.26,614638,393582099.0,2.7,1.75,0.11,1.31
2025-09-18,600909,6.38,6.21,6.38,6.17,683784,433024726.0,3.28,-3.12,-0.2,1.46
2025-09-19,600909,6.22,6.15,6.23,6.14,356928,221795106.0,1.45,-0.97,-0.06,0.76
2025-09-22,600909,6.17,6.14,6.18,6.08,382135,235381005.0,1.63,-0.16,-0.01,0.82
2025-09-23,600909,6.13,6.06,6.13,5.95,456101,276339946.0,2.93,-1.3,-0.08,0.97
2025-09-24,600909,6.03,6.11,6.14,6.02,344975,210932494.0,1.98,0.83,0.05,0.74
2025-09-25,600909,6.09,6.1,6.13,6.08,289710,178005627.0,0.82,-0.16,-0.01,0.62
2025-09-26,600909,6.07,6.09,6.16,6.06,272797,167947065.0,1.64,-0.16,-0.01,0.58
2025-09-29,600909,6.08,6.3,6.4,6.06,852541,537007323.0,5.58,3.45,0.21,1.82
2025-09-30,600909,6.3,6.28,6.32,6.22,525122,331212645.0,1.59,-0.32,-0.02,1.12
2025-10-09,600909,6.27,6.35,6.35,6.21,470642,298061676.0,2.23,1.11,0.07,1.01
2025-10-10,600909,6.32,6.37,6.44,6.3,539848,346883388.0,2.2,0.31,0.02,1.15
2025-10-13,600909,6.25,6.35,6.36,6.22,475456,300758799.0,2.2,-0.31,-0.02,1.02
2025-10-14,600909,6.35,6.38,6.51,6.33,662796,428576156.0,2.83,0.47,0.03,1.42
2025-10-15,600909,6.39,6.41,6.44,6.32,498704,320263456.0,1.88,0.47,0.03,1.07
2025-10-16,600909,6.39,6.4,6.43,6.36,389076,250365385.0,1.09,-0.16,-0.01,0.83
2025-10-17,600909,6.39,6.27,6.45,6.25,558462,355737968.0,3.13,-2.03,-0.13,1.19
2025-10-20,600909,6.32,6.29,6.34,6.26,355828,225503732.0,1.28,0.32,0.02,0.76
2025-10-21,600909,6.29,6.36,6.41,6.29,517938,331452527.0,1.91,1.11,0.07,1.11
2025-10-22,600909,6.33,6.28,6.35,6.26,331722,209998856.0,1.42,-1.26,-0.08,0.71
2025-10-23,600909,6.27,6.34,6.34,6.21,340238,214615162.0,2.07,0.96,0.06,0.73
2025-10-24,600909,6.34,6.36,6.38,6.29,342006,217805217.0,1.42,0.32,0.02,0.73
2025-10-27,600909,6.42,6.43,6.44,6.36,541721,349354370.0,1.26,1.1,0.07,1.16
2025-10-28,600909,6.41,6.33,6.42,6.32,477000,305137923.0,1.56,-1.56,-0.1,1.02
2025-10-29,600909,6.52,6.85,6.97,6.51,4198575,2878962099.0,7.27,8.21,0.52,8.97
2025-10-30,600909,6.76,6.65,6.84,6.65,2561611,1736839484.0,2.77,-2.92,-0.2,5.48
2025-10-31,600909,6.7,6.59,6.75,6.56,1274940,848805244.0,2.86,-0.9,-0.06,2.73
2025-11-03,600909,6.56,6.52,6.57,6.44,1116461,729182410.0,1.97,-1.06,-0.07,2.39
2025-11-04,600909,6.49,6.5,6.52,6.45,945056,616336662.0,1.07,-0.31,-0.02,2.02
2025-11-05,600909,6.46,6.51,6.53,6.44,846762,553673570.0,1.38,0.15,0.01,1.81
2025-11-06,600909,6.51,6.62,6.69,6.51,1232737,814862599.0,2.76,1.69,0.11,2.63
2025-11-07,600909,6.57,6.54,6.59,6.52,631191,413242863.0,1.06,-1.21,-0.08,1.35
2025-11-10,600909,6.52,6.68,6.76,6.5,874518,580067589.0,3.98,2.14,0.14,1.87
2025-11-11,600909,6.67,6.71,6.88,6.66,1059901,715323068.0,3.29,0.45,0.03,2.27
2025-11-12,600909,6.67,6.69,6.74,6.6,663213,442181307.0,2.09,-0.3,-0.02,1.42
2025-11-13,600909,6.67,6.82,6.83,6.65,914471,617367101.0,2.69,1.94,0.13,1.95
2025-11-14,600909,6.75,6.72,6.79,6.72,547402,369983978.0,1.03,-1.47,-0.1,1.17
2025-11-17,600909,6.7,6.63,6.7,6.59,515232,341480009.0,1.64,-1.34,-0.09,1.1
2025-11-18,600909,6.61,6.77,6.82,6.6,1100692,741829965.0,3.32,2.11,0.14,2.35
2025-11-19,600909,6.75,6.75,6.88,6.69,769038,521230049.0,2.81,-0.3,-0.02,1.64
2025-11-20,600909,6.9,6.64,6.93,6.63,934003,630985683.0,4.44,-1.63,-0.11,2.0
2025-11-21,600909,6.58,6.28,6.63,6.27,966230,622147993.0,5.42,-5.42,-0.36,2.07
2025-11-24,600909,6.33,6.28,6.36,6.25,487855,307603959.0,1.75,0.0,0.0,1.04
2025-11-25,600909,6.32,6.31,6.42,6.3,454636,288684355.0,1.91,0.48,0.03,0.97
2025-11-26,600909,6.32,6.27,6.35,6.27,372316,234581541.0,1.27,-0.63,-0.04,0.8
2025-11-27,600909,6.27,6.29,6.38,6.27,331912,209883115.0,1.75,0.32,0.02,0.71
2025-11-28,600909,6.28,6.34,6.35,6.24,375818,236918970.0,1.75,0.79,0.05,0.8
2025-12-01,600909,6.32,6.4,6.45,6.3,410095,262105696.0,2.37,0.95,0.06,0.88
2025-12-02,600909,6.4,6.33,6.4,6.31,289980,183697771.0,1.41,-1.09,-0.07,0.62
2025-12-03,600909,6.34,6.31,6.38,6.29,343756,217581654.0,1.42,-0.32,-0.02,0.73
2025-12-04,600909,6.32,6.33,6.36,6.3,257831,163173755.0,0.95,0.32,0.02,0.55
2025-12-05,600909,6.33,6.48,6.53,6.31,659250,423972511.0,3.48,2.37,0.15,1.41
2025-12-08,600909,6.59,6.68,6.8,6.55,1299536,872904366.0,3.86,3.09,0.2,2.78
2025-12-09,600909,6.62,6.59,6.68,6.57,611508,403990628.0,1.65,-1.35,-0.09,1.31
2025-12-10,600909,6.56,6.6,6.63,6.51,447646,293718118.0,1.82,0.15,0.01,0.96
2025-12-11,600909,6.59,6.46,6.59,6.45,437689,284597896.0,2.12,-2.12,-0.14,0.94
2025-12-12,600909,6.45,6.5,6.56,6.43,430051,278819738.0,2.01,0.62,0.04,0.92
2025-12-15,600909,6.45,6.52,6.59,6.41,471169,307096895.0,2.77,0.31,0.02,1.01
2025-12-16,600909,6.53,6.48,6.55,6.45,344470,223531573.0,1.53,-0.61,-0.04,0.74
2025-12-17,600909,6.46,6.6,6.67,6.44,584222,382603707.0,3.55,1.85,0.12,1.25
2025-12-18,600909,6.6,6.48,6.6,6.47,520784,339003116.0,1.97,-1.82,-0.12,1.11
2025-12-19,600909,6.48,6.52,6.57,6.45,422193,275541938.0,1.85,0.62,0.04,0.9
2025-12-22,600909,6.51,6.51,6.56,6.5,296373,193414790.0,0.92,-0.15,-0.01,0.63
2025-12-23,600909,6.52,6.53,6.58,6.48,409649,267536051.0,1.54,0.31,0.02,0.88
2025-12-24,600909,6.51,6.58,6.59,6.5,380120,249220665.0,1.38,0.77,0.05,0.81
2025-12-25,600909,6.57,6.67,6.72,6.55,591527,394340690.0,2.58,1.37,0.09,1.26
2025-12-26,600909,6.65,6.77,6.85,6.64,792834,536200775.0,3.15,1.5,0.1,1.69
2025-12-29,600909,6.77,6.77,6.82,6.72,471118,319302392.0,1.48,0.0,0.0,1.01
2025-12-30,600909,6.75,6.78,6.82,6.73,364767,247043375.0,1.33,0.15,0.01,0.78
2025-12-31,600909,6.77,6.78,6.85,6.75,497250,337980908.0,1.47,0.0,0.0,1.06
2026-01-05,600909,6.78,6.91,6.92,6.75,828984,567352878.0,2.51,1.92,0.13,1.77
2026-01-06,600909,6.89,7.6,7.6,6.88,3962360,2979373682.0,10.42,9.99,0.69,8.47
2026-01-07,600909,7.52,7.53,7.75,7.44,3123011,2371419537.0,4.08,-0.92,-0.07,6.68
2026-01-08,600909,7.5,7.11,7.53,7.07,2025962,1460327517.0,6.11,-5.58,-0.42,4.33
2026-01-09,600909,7.1,7.26,7.49,7.07,1667425,1209138808.0,5.91,2.11,0.15,3.56
2026-01-12,600909,7.22,7.31,7.36,7.18,1504864,1094341371.0,2.48,0.69,0.05,3.22
2026-01-13,600909,7.31,7.3,7.49,7.21,1312229,964010652.0,3.83,-0.14,-0.01,2.8
2026-01-14,600909,7.24,7.23,7.52,7.18,1544271,1136969480.0,4.66,-0.96,-0.07,3.3
2026-01-15,600909,7.18,7.08,7.25,7.04,991761,706435579.0,2.9,-2.07,-0.15,2.12
2026-01-16,600909,7.14,7.0,7.18,6.97,835572,587893719.0,2.97,-1.13,-0.08,1.79
2026-01-19,600909,6.98,7.09,7.09,6.95,656381,462178083.0,2.0,1.29,0.09,1.4
2026-01-20,600909,7.08,7.16,7.22,7.07,712937,508522153.0,2.12,0.99,0.07,1.52
2026-01-21,600909,7.13,7.25,7.3,7.12,810438,586033521.0,2.51,1.26,0.09,1.73
2026-01-22,600909,7.25,7.26,7.28,7.19,566933,410272716.0,1.24,0.14,0.01,1.21
2026-01-23,600909,7.27,7.34,7.4,7.22,894721,655513962.0,2.48,1.1,0.08,1.91
2026-01-26,600909,7.34,7.5,7.69,7.33,1595954,1197188465.0,4.9,2.18,0.16,3.41
2026-01-27,600909,7.43,7.52,7.64,7.41,1201605,903912829.0,3.07,0.27,0.02,2.57
2026-01-28,600909,7.5,7.71,7.85,7.48,1576370,1217682295.0,4.92,2.53,0.19,3.37
2026-01-29,600909,7.67,7.68,7.73,7.49,1353375,1026923006.0,3.11,-0.39,-0.03,2.89
2026-01-30,600909,7.33,7.15,7.41,7.03,1932041,1387609280.0,4.95,-6.9,-0.53,4.13
2026-02-02,600909,7.11,6.7,7.18,6.69,1602030,1104663457.0,6.85,-6.29,-0.45,3.42
2026-02-03,600909,6.75,6.68,6.78,6.58,955487,635370212.0,2.99,-0.3,-0.02,2.04
2026-02-04,600909,6.64,6.69,6.73,6.58,963604,640430221.0,2.25,0.15,0.01,2.06
2026-02-05,600909,6.65,6.6,6.68,6.53,953582,628990943.0,2.24,-1.35,-0.09,2.04
2026-02-06,600909,6.57,6.61,6.68,6.52,630701,417478514.0,2.42,0.15,0.01,1.35
2026-02-09,600909,6.64,6.62,6.68,6.6,595692,394529676.0,1.21,0.15,0.01,1.27
2026-02-10,600909,6.61,6.53,6.62,6.53,625298,409959816.0,1.36,-1.36,-0.09,1.34
2026-02-11,600909,6.53,6.55,6.57,6.53,414467,271359914.0,0.61,0.31,0.02,0.89
2026-02-12,600909,6.55,6.49,6.56,6.48,546973,356067492.0,1.22,-0.92,-0.06,1.17
2026-02-13,600909,6.5,6.38,6.52,6.38,525053,338584229.0,2.16,-1.69,-0.11,1.12
